# first row is comment
655 16 687
P0 2
0
1
P1 2
2
3
P2 2
4
5
P3 2
6
7
P4 2
8
9
P5 2
10
11
P6 2
12
13
P7 2
14
15
P8 2
16
17
P9 2
18
19
P10 2
20
21
P11 2
22
23
P12 2
24
25
P13 2
26
27
P14 2
28
29
P15 2
30
31
Out 2
685
681
# list of gates
0 0 686 1001
30 31 32 1000
28 29 33 1000
26 27 34 1000
24 25 35 1000
22 23 36 1000
20 21 37 1000
18 19 38 1000
16 17 39 1000
14 15 40 1000
12 13 41 1000
10 11 42 1000
8 9 43 1000
6 7 44 1000
4 5 45 1000
0 1 46 1000
2 3 47 1000
47 46 48 0110
48 45 49 0110
49 44 50 0110
50 43 51 0110
51 42 52 0110
52 41 53 0110
53 40 54 0110
54 39 55 0110
55 38 56 0110
56 37 57 0110
57 36 58 0110
58 35 59 0110
59 34 60 0110
60 33 61 0110
61 32 62 0001
59 34 63 0001
57 36 64 0001
56 37 65 0001
55 38 66 0001
54 39 67 0001
51 42 68 0001
68 686 69 0110
50 43 70 0001
70 686 71 0110
47 46 72 0001
49 44 73 0001
73 72 74 0001
73 686 75 0110
48 45 76 0001
76 72 77 1000
77 75 78 0001
78 74 79 1000
79 71 80 0110
80 69 81 0001
79 68 82 0001
82 81 83 1000
52 41 84 0001
40 686 85 0110
52 41 86 1000
86 85 87 1000
87 84 88 1000
88 83 89 1001
89 67 90 0110
90 66 91 0110
91 65 92 0110
92 64 93 0001
64 686 94 0110
58 35 95 0001
95 686 96 0110
92 96 97 0110
97 94 98 0001
98 93 99 1000
99 63 100 0001
63 686 101 0110
60 33 102 0001
102 686 103 0110
99 103 104 0110
104 101 105 0001
105 100 106 1000
106 62 107 0110
107 686 108 0110
106 62 109 0001
99 102 110 0001
92 95 111 0001
111 93 112 1000
112 686 113 0110
91 65 114 0001
90 66 115 0001
115 686 116 0110
89 67 117 0001
117 686 118 0110
53 40 119 0001
83 119 120 0001
120 686 121 0110
84 686 122 0110
81 122 123 1000
123 686 124 0110
82 686 125 0110
79 70 126 0001
126 74 127 1000
127 125 128 0001
128 124 129 0001
129 121 130 0110
130 118 131 0110
131 116 132 0001
130 115 133 0001
133 132 134 1000
134 114 135 0110
135 113 136 0110
136 100 137 0110
137 110 138 0110
138 109 139 0001
110 686 140 0110
136 100 141 1000
141 140 142 1000
142 686 143 0110
136 100 144 0001
144 686 145 0110
135 113 146 0001
146 686 147 0110
114 686 148 0110
132 148 149 1000
149 686 150 0110
133 686 151 0110
129 121 152 1000
130 117 153 0001
153 152 154 1000
154 151 155 0001
155 150 156 0001
156 147 157 0001
157 145 158 0001
158 143 159 0001
159 139 160 1001
160 686 161 0110
25 686 162 0110
24 162 163 0001
23 686 164 0110
22 164 165 0001
21 686 166 0110
20 166 167 0001
19 686 168 0110
18 168 169 0001
17 686 170 0110
16 170 171 0001
15 686 172 0110
14 172 173 0001
13 686 174 0110
12 174 175 0001
11 686 176 0110
10 176 177 0001
9 686 178 0110
8 178 179 0001
7 686 180 0110
6 180 181 0001
5 686 182 0110
4 182 183 0001
1 686 184 0110
0 184 185 0001
3 686 186 0110
2 186 187 0001
187 185 188 0110
188 183 189 0110
189 181 190 0110
190 179 191 0110
191 177 192 0110
192 175 193 0110
193 173 194 0110
194 171 195 0110
195 169 196 0110
196 167 197 0110
197 165 198 0110
198 163 199 0001
196 167 200 0001
194 171 201 0001
192 175 202 0001
190 179 203 0001
187 185 204 0001
189 181 205 0001
205 204 206 0001
205 686 207 0110
188 183 208 0001
208 204 209 1000
209 207 210 0001
210 206 211 1000
211 203 212 0001
203 686 213 0110
191 177 214 0001
214 686 215 0110
211 215 216 0110
216 213 217 0001
217 212 218 1000
218 202 219 0001
202 686 220 0110
193 173 221 0001
221 686 222 0110
218 222 223 0110
223 220 224 0001
224 219 225 1000
225 201 226 0001
201 686 227 0110
195 169 228 0001
228 686 229 0110
225 229 230 0110
230 227 231 0001
231 226 232 1000
232 200 233 0001
200 686 234 0110
197 165 235 0001
235 686 236 0110
232 236 237 0110
237 234 238 0001
238 233 239 1000
239 199 240 0001
199 686 241 0110
27 686 242 0110
26 242 243 0001
198 163 244 0110
244 243 245 0001
245 686 246 0110
246 239 247 0110
247 241 248 0001
248 240 249 1000
31 686 250 0110
30 250 251 0001
29 686 252 0110
28 252 253 0001
244 243 254 0110
254 253 255 0110
255 251 256 0001
256 249 257 0001
245 239 258 0001
258 686 259 0110
232 235 260 0001
260 686 261 0110
225 228 262 0001
218 221 263 0001
263 686 264 0110
211 214 265 0001
265 686 266 0110
212 206 267 1000
267 266 268 0001
268 686 269 0110
269 219 270 1000
270 264 271 0110
271 226 272 0110
272 262 273 0110
273 233 274 0110
274 261 275 0110
275 240 276 0110
276 259 277 0110
277 257 278 0001
278 686 279 0110
276 259 280 0001
280 686 281 0110
254 253 282 0001
282 249 283 0001
283 281 284 0001
284 686 285 0110
276 259 286 1000
286 686 287 0110
273 233 288 0001
288 686 289 0110
272 262 290 0001
290 686 291 0110
270 264 292 1000
271 226 293 0001
293 292 294 1000
294 291 295 0001
295 289 296 0001
274 260 297 0001
275 686 298 0110
298 240 299 0001
299 297 300 1000
300 296 301 0001
301 287 302 0001
302 285 303 0001
303 279 304 0110
304 161 305 1000
305 686 306 0110
159 686 307 0110
307 139 308 0001
138 109 309 0110
283 257 310 1000
310 277 311 0110
311 309 312 0001
61 32 313 0110
251 686 314 0110
255 314 315 0110
315 313 316 0001
316 107 317 1000
282 686 318 0110
256 686 319 0110
319 249 320 0110
320 318 321 0001
321 283 322 1000
316 107 323 0001
323 686 324 0110
324 322 325 0001
325 317 326 1000
326 312 327 1000
327 686 328 0110
311 309 329 1000
304 161 330 0001
330 329 331 1000
331 328 332 0001
332 308 333 1000
333 306 334 0001
334 108 335 1000
334 322 336 0001
336 335 337 1000
24 686 338 0110
338 25 339 0001
22 686 340 0110
340 23 341 0001
20 686 342 0110
342 21 343 0001
18 686 344 0110
344 19 345 0001
16 686 346 0110
346 17 347 0001
14 686 348 0110
348 15 349 0001
12 686 350 0110
350 13 351 0001
10 686 352 0110
352 11 353 0001
8 686 354 0110
354 9 355 0001
6 686 356 0110
356 7 357 0001
4 686 358 0110
358 5 359 0001
0 686 360 0110
360 1 361 0001
2 686 362 0110
362 3 363 0001
363 361 364 0110
364 359 365 0110
365 357 366 0110
366 355 367 0110
367 353 368 0110
368 351 369 0110
369 349 370 0110
370 347 371 0110
371 345 372 0110
372 343 373 0110
373 341 374 0110
374 339 375 0001
372 343 376 0001
370 347 377 0001
368 351 378 0001
366 355 379 0001
363 361 380 0001
365 357 381 0001
381 380 382 0001
381 686 383 0110
364 359 384 0001
384 380 385 1000
385 383 386 0001
386 382 387 1000
387 379 388 0001
379 686 389 0110
367 353 390 0001
390 686 391 0110
387 391 392 0110
392 389 393 0001
393 388 394 1000
394 378 395 0001
378 686 396 0110
369 349 397 0001
397 686 398 0110
394 398 399 0110
399 396 400 0001
400 395 401 1000
401 377 402 0001
377 686 403 0110
371 345 404 0001
404 686 405 0110
401 405 406 0110
406 403 407 0001
407 402 408 1000
408 376 409 0001
376 686 410 0110
373 341 411 0001
411 686 412 0110
408 412 413 0110
413 410 414 0001
414 409 415 1000
415 375 416 0001
375 686 417 0110
26 686 418 0110
418 27 419 0001
374 339 420 0110
420 419 421 0001
421 686 422 0110
422 415 423 0110
423 417 424 0001
424 416 425 1000
28 686 426 0110
426 29 427 0001
420 419 428 0110
428 427 429 0001
429 425 430 0001
429 686 431 0110
30 686 432 0110
432 31 433 0001
428 427 434 0110
434 433 435 0001
435 686 436 0110
436 425 437 0110
437 431 438 0001
438 430 439 1000
30 31 440 0001
28 29 441 0001
26 27 442 0001
24 25 443 0001
22 23 444 0001
20 21 445 0001
18 19 446 0001
16 17 447 0001
14 15 448 0001
12 13 449 0001
10 11 450 0001
8 9 451 0001
6 7 452 0001
4 5 453 0001
0 1 454 0001
2 3 455 0001
455 454 456 0110
456 453 457 0110
457 452 458 0110
458 451 459 0110
459 450 460 0110
460 449 461 0110
461 448 462 0110
462 447 463 0110
463 446 464 0110
464 445 465 0110
465 444 466 0110
466 443 467 0110
467 442 468 0110
468 441 469 0110
469 440 470 0001
468 441 471 0001
467 442 472 0001
466 443 473 0001
465 444 474 0001
464 445 475 0001
463 446 476 0001
462 447 477 0001
459 450 478 0001
478 686 479 0110
458 451 480 0001
480 686 481 0110
455 454 482 0001
457 452 483 0001
483 482 484 0001
483 686 485 0110
456 453 486 0001
486 482 487 1000
487 485 488 0001
488 484 489 1000
489 481 490 0110
490 479 491 0001
489 478 492 0001
492 491 493 1000
460 449 494 0001
448 686 495 0110
460 449 496 1000
496 495 497 1000
497 494 498 1000
498 493 499 1001
499 477 500 0110
500 476 501 0110
501 475 502 0110
502 474 503 0110
503 473 504 0110
504 472 505 0110
505 471 506 0110
506 470 507 0001
505 471 508 0001
508 686 509 0110
504 472 510 0001
501 475 511 0001
500 476 512 0001
499 477 513 0001
461 448 514 0001
493 514 515 0001
515 686 516 0110
494 686 517 0110
491 517 518 1000
518 686 519 0110
492 686 520 0110
489 480 521 0001
521 484 522 1000
522 520 523 0001
523 519 524 0001
524 516 525 0110
525 513 526 0110
526 512 527 1000
525 512 528 0001
528 527 529 1000
529 511 530 1000
526 511 531 0001
531 530 532 1000
502 474 533 0001
503 473 534 0001
534 533 535 1000
535 686 536 0110
536 532 537 0110
537 510 538 0110
538 509 539 0110
539 507 540 0110
435 425 541 0001
541 686 542 0110
421 415 543 0001
408 411 544 0001
401 404 545 0001
545 686 546 0110
394 397 547 0001
547 686 548 0110
387 390 549 0001
549 686 550 0110
388 382 551 1000
551 550 552 0001
552 686 553 0110
553 395 554 1000
554 548 555 0110
555 402 556 0110
556 546 557 0110
557 409 558 0110
558 544 559 0110
559 416 560 0110
560 543 561 0110
561 430 562 0110
562 542 563 0110
563 540 564 0001
564 686 565 0110
470 686 566 0110
506 566 567 0110
434 433 568 0110
440 686 569 0110
469 569 570 0110
570 568 571 0001
571 567 572 0001
571 567 573 1000
573 686 574 0110
439 574 575 0001
575 572 576 1000
576 565 577 0001
577 686 578 0110
507 686 579 0110
539 579 580 1000
580 686 581 0110
536 532 582 0001
531 686 583 0110
528 686 584 0110
524 516 585 1000
525 513 586 0001
586 585 587 1000
587 584 588 0001
588 583 589 0001
589 686 590 0110
590 582 591 1000
537 510 592 0001
538 508 593 0001
593 592 594 1000
594 591 595 0001
595 581 596 0110
543 686 597 0110
560 597 598 0110
598 430 599 0110
599 541 600 0001
598 430 601 0001
601 686 602 0110
560 597 603 1000
603 686 604 0110
556 545 605 1000
605 686 606 0110
606 409 607 0001
607 686 608 0110
556 545 609 0001
609 686 610 0110
554 548 611 1000
555 402 612 0001
612 611 613 1000
613 610 614 0001
614 608 615 0001
544 686 616 0110
558 616 617 1000
558 616 618 0001
618 686 619 0110
619 416 620 0001
620 617 621 1000
621 615 622 0001
622 604 623 0001
623 602 624 0001
624 600 625 0110
625 596 626 0001
563 540 627 1000
627 626 628 1000
628 578 629 0001
600 686 630 0110
624 630 631 0001
631 596 632 1000
632 629 633 1000
633 439 634 1000
633 567 635 0001
635 634 636 1000
636 337 637 1000
334 315 638 0001
638 686 639 0110
633 570 640 0001
633 568 641 1000
641 640 642 1000
334 313 643 1000
643 642 644 1000
644 639 645 0001
645 637 646 1000
646 686 647 0110
636 337 648 0001
334 309 649 1000
334 311 650 0001
650 649 651 1000
563 686 652 0110
633 652 653 1000
540 686 654 0110
633 654 655 0001
655 653 656 1000
656 651 657 1000
657 648 658 1000
658 647 659 0001
656 651 660 0001
304 160 661 1000
661 686 662 0110
596 686 663 0110
625 663 664 0001
664 662 665 0001
665 660 666 1000
666 686 667 0110
667 659 668 1000
664 686 669 0110
669 661 670 0001
595 581 671 1000
624 630 672 1000
672 671 673 1000
673 686 674 0110
674 670 675 1000
675 686 676 0110
676 668 677 1000
303 279 678 1000
678 308 679 1000
679 686 680 0110
680 677 681 1000
681 334 682 1000
633 686 683 0110
681 683 684 0001
684 682 685 1000
