# first row is comment
106 16 122
P0 1
0
P1 1
1
P2 1
2
P3 1
3
P4 1
4
P5 1
5
P6 1
6
P7 1
7
P8 1
8
P9 1
9
P10 1
10
P11 1
11
P12 1
12
P13 1
13
P14 1
14
P15 1
15
Out 1
120
# list of gates
0 0 121 1001
13 121 16 0110
12 121 17 0110
7 121 18 0110
6 121 19 0110
3 121 20 0110
1 0 21 0001
21 2 22 0001
2 121 23 0110
1 0 24 1000
24 23 25 0001
21 2 26 1000
26 24 27 1000
27 25 28 1000
28 22 29 1000
29 20 30 0110
30 4 31 0110
31 5 32 0110
32 19 33 0110
33 18 34 0110
34 8 35 0110
35 9 36 0110
36 10 37 0110
37 11 38 0110
38 17 39 0110
39 16 40 0110
40 14 41 0110
41 15 42 0001
38 12 43 0110
43 13 44 0001
40 14 45 0001
45 44 46 1000
27 121 47 0110
29 20 48 1000
30 4 49 0001
49 48 50 1000
50 47 51 0110
31 5 52 1000
31 5 53 0001
53 6 54 1000
54 52 55 1000
55 51 56 0110
32 6 57 0110
57 7 58 0001
34 8 59 0001
59 58 60 1000
60 56 61 0110
35 9 62 0001
36 10 63 0001
63 62 64 1000
64 61 65 0110
37 11 66 0001
38 12 67 0001
67 66 68 1000
68 65 69 0110
69 46 70 0110
70 42 71 0001
55 51 72 1001
60 72 73 0110
64 73 74 0110
68 74 75 0110
75 45 76 0001
75 44 77 0001
67 65 78 0001
66 65 79 0001
73 63 80 0001
73 62 81 0001
56 59 82 0001
56 58 83 0001
50 47 84 1000
55 51 85 0001
85 84 86 1000
86 83 87 1001
87 82 88 0110
88 81 89 0110
89 80 90 0110
90 79 91 0110
91 78 92 0110
92 77 93 0110
93 76 94 0110
94 71 95 0001
95 121 96 0110
92 77 97 0001
76 121 98 0110
92 77 99 1000
99 98 100 1000
100 97 101 1000
89 80 102 0001
102 121 103 0110
88 81 104 0001
104 121 105 0110
86 121 106 0110
106 83 107 0001
87 82 108 0001
108 107 109 1000
109 105 110 0001
110 103 111 0001
90 79 112 0001
90 79 113 1000
78 121 114 0110
114 113 115 1000
115 112 116 1000
116 111 117 0001
117 101 118 0001
118 96 119 0001
119 121 120 0110
