# first row is comment
278 8 294
P0 2
0
1
P1 2
2
3
P2 2
4
5
P3 2
6
7
P4 2
8
9
P5 2
10
11
P6 2
12
13
P7 2
14
15
Out 2
292
289
# list of gates
0 0 293 1001
8 9 16 1000
6 7 17 1000
4 5 18 1000
0 1 19 1000
2 3 20 1000
20 19 21 0110
21 18 22 0110
22 17 23 0110
23 16 24 0001
20 19 25 0001
22 17 26 0001
26 25 27 0001
26 293 28 0110
21 18 29 0001
29 25 30 1000
30 28 31 0001
31 27 32 1000
32 24 33 0001
24 293 34 0110
10 11 35 1000
23 16 36 0110
36 35 37 0001
37 293 38 0110
38 32 39 0110
39 34 40 0001
40 33 41 1000
12 13 42 1000
36 35 43 0110
43 42 44 0001
44 41 45 0001
44 293 46 0110
14 15 47 1000
43 42 48 0110
48 47 49 0001
49 293 50 0110
50 41 51 0110
51 46 52 0001
52 45 53 1000
53 293 54 0110
49 41 55 0001
55 293 56 0110
37 32 57 0001
57 293 58 0110
33 27 59 1000
59 58 60 0001
60 293 61 0110
61 45 62 1000
62 56 63 1000
9 293 64 0110
8 64 65 0001
7 293 66 0110
6 66 67 0001
5 293 68 0110
4 68 69 0001
1 293 70 0110
0 70 71 0001
3 293 72 0110
2 72 73 0001
73 71 74 0110
74 69 75 0110
75 67 76 0110
76 65 77 0001
73 71 78 0001
75 67 79 0001
79 78 80 0001
79 293 81 0110
74 69 82 0001
82 78 83 1000
83 81 84 0001
84 80 85 1000
85 77 86 0001
77 293 87 0110
11 293 88 0110
10 88 89 0001
76 65 90 0110
90 89 91 0001
91 293 92 0110
92 85 93 0110
93 87 94 0001
94 86 95 1000
13 293 96 0110
12 96 97 0001
90 89 98 0110
98 97 99 0001
99 95 100 0001
99 293 101 0110
15 293 102 0110
14 102 103 0001
98 97 104 0110
104 103 105 0001
105 293 106 0110
106 95 107 0110
107 101 108 0001
108 100 109 1000
109 54 110 0001
103 293 111 0110
104 111 112 0110
48 47 113 0110
113 112 114 0001
114 293 115 0110
115 110 116 1000
116 293 117 0110
62 56 118 0110
105 95 119 0001
91 85 120 0001
120 293 121 0110
86 80 122 1000
122 121 123 0001
123 293 124 0110
124 100 125 1000
125 119 126 0110
126 118 127 0001
109 54 128 1000
128 127 129 1000
129 117 130 0001
119 293 131 0110
125 131 132 0001
132 118 133 1000
133 130 134 1000
134 63 135 1000
135 54 136 1000
135 109 137 0001
137 136 138 1000
10 11 139 0001
8 9 140 0001
6 7 141 0001
4 5 142 0001
0 1 143 0001
2 3 144 0001
144 143 145 0110
145 142 146 0110
146 141 147 0110
147 140 148 0110
148 139 149 0001
149 293 150 0110
147 140 151 0001
151 293 152 0110
144 143 153 0001
146 141 154 0001
154 153 155 0001
154 293 156 0110
145 142 157 0001
157 153 158 1000
158 156 159 0001
159 155 160 1000
160 152 161 0110
161 150 162 0001
160 149 163 0001
163 162 164 1000
12 13 165 0001
148 139 166 0110
166 165 167 0001
14 15 168 0001
168 293 169 0110
166 165 170 1000
170 169 171 1000
171 167 172 1000
172 293 173 0110
173 164 174 0110
166 165 175 0110
175 168 176 0001
176 164 177 0001
177 293 178 0110
167 293 179 0110
179 162 180 1000
180 293 181 0110
163 293 182 0110
160 151 183 0001
183 155 184 1000
184 182 185 0001
185 181 186 0001
186 178 187 0110
10 293 188 0110
188 11 189 0001
8 293 190 0110
190 9 191 0001
6 293 192 0110
192 7 193 0001
4 293 194 0110
194 5 195 0001
0 293 196 0110
196 1 197 0001
2 293 198 0110
198 3 199 0001
199 197 200 0110
200 195 201 0110
201 193 202 0110
202 191 203 0110
203 189 204 0001
204 293 205 0110
202 191 206 0001
206 293 207 0110
199 197 208 0001
201 193 209 0001
209 208 210 0001
209 293 211 0110
200 195 212 0001
212 208 213 1000
213 211 214 0001
214 210 215 1000
215 207 216 0110
216 205 217 0001
215 204 218 0001
218 217 219 1000
14 293 220 0110
220 15 221 0001
12 293 222 0110
222 13 223 0001
203 189 224 0110
224 223 225 0110
225 221 226 0001
226 219 227 0001
224 223 228 0001
228 293 229 0110
229 217 230 1000
230 293 231 0110
218 293 232 0110
215 206 233 0001
233 210 234 1000
234 232 235 0001
235 231 236 0001
236 227 237 0110
237 187 238 0001
227 293 239 0110
236 239 240 0001
240 187 241 1000
221 293 242 0110
224 223 243 1000
243 242 244 1000
244 228 245 1000
245 219 246 1001
174 293 247 0110
247 246 248 1000
175 168 249 0110
249 293 250 0110
225 221 251 0110
251 250 252 0001
247 246 253 0001
253 252 254 1000
254 248 255 1000
255 241 256 1000
256 238 257 1000
257 174 258 1000
246 293 259 0110
257 259 260 0001
260 258 261 1000
261 138 262 1000
135 112 263 0001
263 293 264 0110
257 249 265 1000
251 293 266 0110
257 266 267 0001
267 265 268 1000
135 113 269 1000
269 268 270 1000
270 264 271 0001
271 262 272 1000
272 293 273 0110
261 138 274 0001
118 293 275 0110
126 275 276 0001
187 293 277 0110
237 277 278 0001
278 293 279 0110
279 276 280 0001
280 274 281 1000
281 273 282 0001
279 276 283 1000
125 131 284 1000
284 63 285 1000
285 293 286 0110
286 283 287 1000
287 293 288 0110
288 282 289 1000
289 135 290 1000
289 257 291 0001
291 290 292 1000
