# first row is comment
1337 16 1385
P0 3
0
1
2
P1 3
3
4
5
P2 3
6
7
8
P3 3
9
10
11
P4 3
12
13
14
P5 3
15
16
17
P6 3
18
19
20
P7 3
21
22
23
P8 3
24
25
26
P9 3
27
28
29
P10 3
30
31
32
P11 3
33
34
35
P12 3
36
37
38
P13 3
39
40
41
P14 3
42
43
44
P15 3
45
46
47
Out 3
1383
1371
1366
# list of gates
0 0 1384 1001
47 1384 48 0110
45 1384 49 0110
49 46 50 0001
50 48 51 0001
44 1384 52 0110
42 1384 53 0110
53 43 54 0001
54 52 55 0001
41 1384 56 0110
39 1384 57 0110
57 40 58 0001
58 56 59 0001
38 1384 60 0110
36 1384 61 0110
61 37 62 0001
62 60 63 0001
35 1384 64 0110
33 1384 65 0110
65 34 66 0001
66 64 67 0001
32 1384 68 0110
30 1384 69 0110
69 31 70 0001
70 68 71 0001
29 1384 72 0110
27 1384 73 0110
73 28 74 0001
74 72 75 0001
26 1384 76 0110
24 1384 77 0110
77 25 78 0001
78 76 79 0001
23 1384 80 0110
21 1384 81 0110
81 22 82 0001
82 80 83 0001
20 1384 84 0110
18 1384 85 0110
85 19 86 0001
86 84 87 0001
17 1384 88 0110
15 1384 89 0110
89 16 90 0001
90 88 91 0001
14 1384 92 0110
12 1384 93 0110
93 13 94 0001
94 92 95 0001
11 1384 96 0110
9 1384 97 0110
97 10 98 0001
98 96 99 0001
8 1384 100 0110
6 1384 101 0110
101 7 102 0001
102 100 103 0001
2 1384 104 0110
0 1384 105 0110
105 1 106 0001
106 104 107 0001
5 1384 108 0110
3 1384 109 0110
109 4 110 0001
110 108 111 0001
111 107 112 0110
112 103 113 0110
113 99 114 0110
114 95 115 0110
115 91 116 0110
116 87 117 0110
117 83 118 0110
118 79 119 0110
119 75 120 0110
120 71 121 0110
121 67 122 0110
122 63 123 0110
123 59 124 0110
124 55 125 0110
125 51 126 0001
126 1384 127 0110
124 55 128 0001
123 59 129 0001
122 63 130 0001
121 67 131 0001
120 71 132 0001
119 75 133 0001
118 79 134 0001
134 1384 135 0110
115 91 136 0001
111 107 137 0001
112 103 138 0001
138 137 139 1000
113 99 140 0001
114 95 141 0001
141 140 142 1000
142 139 143 0110
143 136 144 0110
116 87 145 0001
83 1384 146 0110
116 87 147 1000
147 146 148 1000
148 145 149 1000
149 144 150 0110
150 135 151 0110
151 133 152 0110
152 132 153 0110
153 131 154 0110
154 130 155 0110
155 129 156 0110
156 128 157 0110
157 127 158 0110
157 126 159 0001
155 129 160 0001
154 130 161 0001
144 1384 162 0110
149 162 163 0110
163 134 164 0001
117 83 165 0001
144 165 166 0001
166 164 167 1000
145 1384 168 0110
143 136 169 1000
169 168 170 1000
170 1384 171 0110
142 139 172 1000
143 136 173 0001
173 172 174 1000
174 171 175 0001
175 1384 176 0110
176 167 177 0110
151 133 178 0001
152 132 179 0001
179 178 180 1000
180 177 181 0110
181 161 182 0001
161 1384 183 0110
153 131 184 0001
184 1384 185 0110
181 185 186 0110
186 183 187 0001
187 182 188 1000
188 160 189 1000
181 184 190 0110
190 160 191 0001
191 189 192 1000
192 159 193 0001
156 128 194 0001
191 194 195 1000
195 189 196 1000
181 184 197 0001
197 1384 198 0110
182 1384 199 0110
175 167 200 1000
175 167 201 0001
180 201 202 1000
202 200 203 1000
203 199 204 0001
204 198 205 0001
205 1384 206 0110
206 196 207 1000
207 1384 208 0110
208 193 209 0001
159 194 210 1000
210 192 211 0110
39 40 212 0001
212 56 213 0001
36 37 214 0001
214 60 215 0001
33 34 216 0001
216 64 217 0001
30 31 218 0001
218 68 219 0001
27 28 220 0001
220 72 221 0001
24 25 222 0001
222 76 223 0001
21 22 224 0001
224 80 225 0001
18 19 226 0001
226 84 227 0001
15 16 228 0001
228 88 229 0001
12 13 230 0001
230 92 231 0001
9 10 232 0001
232 96 233 0001
6 7 234 0001
234 100 235 0001
0 1 236 0001
236 104 237 0001
3 4 238 0001
238 108 239 0001
239 237 240 0110
240 235 241 0110
241 233 242 0110
242 231 243 0110
243 229 244 0110
244 227 245 0110
245 225 246 0110
246 223 247 0110
247 221 248 0110
248 219 249 0110
249 217 250 0110
250 215 251 0110
251 213 252 0001
250 215 253 0001
249 217 254 0001
248 219 255 0001
247 221 256 0001
246 223 257 0001
243 229 258 0001
258 1384 259 0110
239 237 260 0001
240 235 261 0001
261 260 262 1000
241 233 263 0001
242 231 264 0001
264 263 265 1000
265 262 266 0110
266 259 267 0110
244 227 268 0001
225 1384 269 0110
244 227 270 1000
270 269 271 1000
271 268 272 1000
272 267 273 0110
273 257 274 0110
274 256 275 0110
275 255 276 0110
276 254 277 0110
277 253 278 0110
278 252 279 0001
279 1384 280 0110
277 253 281 0001
281 1384 282 0110
276 254 283 0001
275 255 284 0001
274 256 285 0001
285 1384 286 0110
273 257 287 0001
287 1384 288 0110
245 225 289 0001
266 258 290 0110
290 289 291 0001
291 1384 292 0110
266 258 293 0001
293 1384 294 0110
265 262 295 1000
268 1384 296 0110
266 258 297 1000
297 296 298 1000
298 295 299 1000
299 294 300 0001
300 292 301 0110
301 288 302 0110
302 286 303 0001
301 285 304 0001
304 303 305 1000
305 284 306 0110
306 283 307 0110
307 282 308 0110
308 280 309 0001
307 279 310 0001
310 309 311 1000
42 43 312 0001
312 52 313 0001
251 213 314 0110
314 313 315 0001
278 252 316 0110
316 315 317 0001
45 46 318 0001
318 48 319 0001
314 313 320 0110
320 319 321 0001
316 315 322 0110
322 321 323 0001
323 317 324 1000
324 1384 325 0110
325 311 326 0110
326 211 327 0001
319 1384 328 0110
320 328 329 0110
125 51 330 0110
330 329 331 0001
321 1384 332 0110
322 332 333 0110
333 331 334 1000
334 158 335 1000
333 331 336 0001
336 335 337 1000
337 327 338 1000
338 1384 339 0110
210 1384 340 0110
340 192 341 0110
326 1384 342 0110
342 341 343 0001
207 193 344 1001
323 311 345 0001
317 1384 346 0110
346 309 347 1000
347 1384 348 0110
310 1384 349 0110
306 283 350 1000
350 282 351 1000
351 1384 352 0110
305 283 353 0001
353 1384 354 0110
301 287 355 1000
355 1384 356 0110
356 284 357 0001
357 1384 358 0110
304 1384 359 0110
299 292 360 1000
301 287 361 0001
361 360 362 1000
362 359 363 0001
363 358 364 0001
364 354 365 0001
365 352 366 0001
366 349 367 0001
367 348 368 0001
368 345 369 0110
369 344 370 0001
370 343 371 1000
371 339 372 0001
345 1384 373 0110
368 373 374 0001
374 344 375 1000
375 372 376 1000
376 209 377 1000
377 158 378 1000
333 1384 379 0110
377 379 380 0001
380 378 381 1000
36 37 382 1000
382 60 383 0001
33 34 384 1000
384 64 385 0001
30 31 386 1000
386 68 387 0001
27 28 388 1000
388 72 389 0001
24 25 390 1000
390 76 391 0001
21 22 392 1000
392 80 393 0001
18 19 394 1000
394 84 395 0001
15 16 396 1000
396 88 397 0001
12 13 398 1000
398 92 399 0001
9 10 400 1000
400 96 401 0001
6 7 402 1000
402 100 403 0001
0 1 404 1000
404 104 405 0001
3 4 406 1000
406 108 407 0001
407 405 408 0110
408 403 409 0110
409 401 410 0110
410 399 411 0110
411 397 412 0110
412 395 413 0110
413 393 414 0110
414 391 415 0110
415 389 416 0110
416 387 417 0110
417 385 418 0110
418 383 419 0001
417 385 420 0001
416 387 421 0001
415 389 422 0001
414 391 423 0001
411 397 424 0001
407 405 425 0001
408 403 426 0001
426 425 427 1000
409 401 428 0001
410 399 429 0001
429 428 430 1000
430 427 431 0110
431 424 432 0110
432 1384 433 0110
412 395 434 0001
393 1384 435 0110
412 395 436 1000
436 435 437 1000
437 434 438 1000
438 433 439 0110
439 423 440 0110
440 422 441 0110
441 421 442 0110
442 420 443 0110
443 419 444 0001
39 40 445 1000
445 56 446 0001
418 383 447 0110
447 446 448 0001
443 419 449 0110
449 448 450 0001
450 444 451 1000
451 1384 452 0110
442 420 453 0001
441 421 454 0001
439 423 455 0001
413 393 456 0001
432 456 457 0001
457 1384 458 0110
431 424 459 0001
459 1384 460 0110
430 427 461 1000
434 1384 462 0110
431 424 463 1000
463 462 464 1000
464 461 465 1000
465 460 466 0001
466 458 467 0110
467 455 468 0110
468 454 469 0001
440 422 470 0001
467 470 471 0001
468 470 472 1000
472 471 473 1000
473 454 474 1000
474 469 475 1000
475 453 476 0110
476 452 477 0110
477 1384 478 0110
42 43 479 1000
479 52 480 0001
447 446 481 0110
481 480 482 0001
449 448 483 0110
483 482 484 0001
45 46 485 1000
485 48 486 0001
481 480 487 0110
487 486 488 0001
483 482 489 0110
489 488 490 0001
490 484 491 1000
491 478 492 1000
476 452 493 0001
469 1384 494 0110
471 1384 495 0110
465 458 496 1000
467 455 497 0001
497 496 498 1000
498 495 499 0001
499 494 500 0001
473 453 501 0001
501 1384 502 0110
502 500 503 0001
503 1384 504 0110
504 493 505 1000
505 1384 506 0110
506 492 507 0001
46 1384 508 0110
45 508 509 0001
509 48 510 0001
43 1384 511 0110
42 511 512 0001
512 52 513 0001
40 1384 514 0110
39 514 515 0001
515 56 516 0001
37 1384 517 0110
36 517 518 0001
518 60 519 0001
34 1384 520 0110
33 520 521 0001
521 64 522 0001
31 1384 523 0110
30 523 524 0001
524 68 525 0001
28 1384 526 0110
27 526 527 0001
527 72 528 0001
25 1384 529 0110
24 529 530 0001
530 76 531 0001
22 1384 532 0110
21 532 533 0001
533 80 534 0001
19 1384 535 0110
18 535 536 0001
536 84 537 0001
16 1384 538 0110
15 538 539 0001
539 88 540 0001
13 1384 541 0110
12 541 542 0001
542 92 543 0001
10 1384 544 0110
9 544 545 0001
545 96 546 0001
7 1384 547 0110
6 547 548 0001
548 100 549 0001
1 1384 550 0110
0 550 551 0001
551 104 552 0001
4 1384 553 0110
3 553 554 0001
554 108 555 0001
555 552 556 0110
556 549 557 0110
557 546 558 0110
558 543 559 0110
559 540 560 0110
560 537 561 0110
561 534 562 0110
562 531 563 0110
563 528 564 0110
564 525 565 0110
565 522 566 0110
566 519 567 0110
567 516 568 0110
568 513 569 0110
569 510 570 0001
568 513 571 0001
567 516 572 0001
566 519 573 0001
565 522 574 0001
564 525 575 0001
563 528 576 0001
562 531 577 0001
559 540 578 0001
578 1384 579 0110
555 552 580 0001
556 549 581 0001
581 580 582 1000
557 546 583 0001
558 543 584 0001
584 583 585 1000
585 582 586 0110
586 579 587 0110
560 537 588 0001
534 1384 589 0110
560 537 590 1000
590 589 591 1000
591 588 592 1000
592 587 593 0110
593 577 594 0110
594 576 595 0110
595 575 596 0110
596 574 597 0110
597 573 598 0110
598 572 599 0110
599 571 600 0110
600 570 601 0001
598 572 602 0001
599 571 603 0001
603 602 604 1000
596 574 605 0001
597 573 606 0001
606 605 607 1000
593 577 608 0001
608 1384 609 0110
561 534 610 0001
587 1384 611 0110
611 610 612 0001
612 1384 613 0110
586 578 614 0001
614 1384 615 0110
585 582 616 1000
588 1384 617 0110
586 578 618 1000
618 617 619 1000
619 616 620 1000
620 615 621 0001
621 613 622 0110
622 609 623 0110
594 576 624 0001
595 575 625 0001
625 624 626 1000
626 623 627 0110
627 607 628 0110
628 604 629 0110
629 601 630 0001
626 623 631 0001
631 607 632 1000
626 623 633 1000
620 613 634 1000
622 608 635 0001
635 634 636 1000
636 1384 637 0110
637 633 638 1000
638 1384 639 0110
639 632 640 1000
640 1384 641 0110
641 630 642 0001
642 507 643 1000
643 1384 644 0110
488 1384 645 0110
489 645 646 0110
646 1384 647 0110
629 601 648 0110
491 477 649 1001
649 1384 650 0110
650 648 651 1000
650 648 652 0001
600 570 653 0110
487 486 654 0110
510 1384 655 0110
569 655 656 0110
656 654 657 0001
657 1384 658 0110
658 653 659 0001
659 646 660 1000
658 653 661 1000
661 660 662 1000
662 652 663 1000
663 651 664 1000
505 492 665 1001
665 1384 666 0110
628 604 667 1000
630 667 668 1000
668 640 669 0110
669 666 670 0001
670 664 671 1000
671 1384 672 0110
669 666 673 1000
673 507 674 1000
674 672 675 0001
675 647 676 1000
653 1384 677 0110
675 677 678 0001
678 676 679 1000
381 679 680 0001
675 656 681 0001
675 654 682 1000
682 681 683 1000
330 1384 684 0110
377 684 685 1000
329 1384 686 0110
377 686 687 0001
687 685 688 1000
688 683 689 0001
689 680 690 1000
690 1384 691 0110
381 679 692 1000
675 648 693 0001
675 650 694 1000
694 693 695 1000
377 341 696 1000
377 342 697 0001
697 696 698 1000
698 695 699 0001
699 692 700 1000
700 691 701 0001
698 695 702 1000
369 1384 703 0110
703 344 704 1000
669 665 705 1000
705 1384 706 0110
706 704 707 0001
707 702 708 1000
708 1384 709 0110
709 701 710 1000
368 373 711 1000
711 209 712 1000
712 1384 713 0110
706 704 714 1000
714 713 715 1000
715 1384 716 0110
716 710 717 1000
717 644 718 1000
718 381 719 0001
718 679 720 1000
720 719 721 1000
485 47 722 0001
479 44 723 0001
445 41 724 0001
382 38 725 0001
384 35 726 0001
386 32 727 0001
388 29 728 0001
390 26 729 0001
392 23 730 0001
394 20 731 0001
396 17 732 0001
398 14 733 0001
400 11 734 0001
402 8 735 0001
404 2 736 0001
406 5 737 0001
737 736 738 0110
738 735 739 0110
739 734 740 0110
740 733 741 0110
741 732 742 0110
742 731 743 0110
743 730 744 0110
744 729 745 0110
745 728 746 0110
746 727 747 0110
747 726 748 0110
748 725 749 0110
749 724 750 0110
750 723 751 0110
751 722 752 0001
752 1384 753 0110
750 723 754 0001
749 724 755 0001
748 725 756 0001
747 726 757 0001
746 727 758 0001
741 732 759 0001
737 736 760 0001
738 735 761 0001
761 760 762 1000
739 734 763 0001
740 733 764 0001
764 763 765 1000
765 762 766 0110
766 759 767 0110
767 1384 768 0110
742 731 769 0001
730 1384 770 0110
742 731 771 1000
771 770 772 1000
772 769 773 1000
773 768 774 0110
774 1384 775 0110
744 729 776 0001
745 728 777 0001
777 776 778 1000
778 775 779 0110
779 758 780 0110
780 757 781 0110
781 756 782 0110
782 755 783 0110
783 754 784 0110
784 753 785 0110
784 752 786 0001
781 756 787 0001
782 755 788 0001
788 787 789 1000
780 757 790 0001
790 1384 791 0110
779 758 792 0001
774 776 793 0001
743 730 794 0001
767 794 795 0001
795 793 796 1000
769 1384 797 0110
766 759 798 1000
798 797 799 1000
799 1384 800 0110
765 762 801 1000
766 759 802 0001
802 801 803 1000
803 800 804 0001
804 796 805 0110
805 792 806 0001
792 1384 807 0110
774 777 808 0001
808 1384 809 0110
805 809 810 0110
810 807 811 0001
811 806 812 1000
812 791 813 0110
813 789 814 0110
814 786 815 0001
815 1384 816 0110
783 754 817 0001
814 817 818 0001
818 1384 819 0110
813 789 820 1000
810 1384 821 0110
821 790 822 0001
822 1384 823 0110
806 1384 824 0110
804 796 825 1000
805 808 826 0001
826 825 827 1000
827 824 828 0001
828 823 829 0001
829 1384 830 0110
830 820 831 1000
831 819 832 0001
832 816 833 1000
527 29 834 0001
530 26 835 0001
533 23 836 0001
536 20 837 0001
539 17 838 0001
542 14 839 0001
545 11 840 0001
548 8 841 0001
551 2 842 0001
554 5 843 0001
843 842 844 0110
844 841 845 0110
845 840 846 0110
846 839 847 0110
847 838 848 0110
848 837 849 0110
849 836 850 0110
850 835 851 0110
851 834 852 0001
850 835 853 0001
847 838 854 0001
854 1384 855 0110
843 842 856 0001
844 841 857 0001
857 856 858 1000
845 840 859 0001
846 839 860 0001
860 859 861 1000
861 858 862 0110
862 855 863 0110
848 837 864 0001
849 836 865 0001
865 864 866 1000
866 863 867 0110
867 853 868 0110
868 852 869 0001
869 1384 870 0110
867 853 871 0001
871 1384 872 0110
862 854 873 0110
873 865 874 0001
874 1384 875 0110
862 854 876 0001
876 1384 877 0110
861 858 878 1000
864 1384 879 0110
862 854 880 1000
880 879 881 1000
881 878 882 1000
882 877 883 0001
883 875 884 0110
884 872 885 0110
885 870 886 0001
884 869 887 0001
887 886 888 1000
524 32 889 0001
851 834 890 0110
890 889 891 0001
868 852 892 0110
892 891 893 0001
521 35 894 0001
890 889 895 0110
895 894 896 0001
892 891 897 0110
897 896 898 0001
898 893 899 1000
899 888 900 0110
518 38 901 0001
895 894 902 0110
902 901 903 0001
897 896 904 0110
904 903 905 0001
515 41 906 0001
902 901 907 0110
907 906 908 0001
904 903 909 0110
909 908 910 0001
910 905 911 1000
911 900 912 0110
509 47 913 0001
512 44 914 0001
907 906 915 0110
915 914 916 0110
916 913 917 0001
915 914 918 0001
909 908 919 0110
919 918 920 0110
920 917 921 0001
921 912 922 0001
922 1384 923 0110
899 888 924 1001
910 924 925 0001
905 924 926 0001
926 925 927 1000
893 888 928 0110
928 898 929 0001
929 1384 930 0110
883 875 931 1000
884 871 932 0001
932 931 933 1000
893 1384 934 0110
934 886 935 1000
935 887 936 1000
936 933 937 0001
937 930 938 0001
938 927 939 0001
939 923 940 1000
919 918 941 0001
941 912 942 0001
942 922 943 1000
943 939 944 0001
944 940 945 1000
820 1384 946 0110
811 791 947 1000
947 806 948 1000
948 827 949 0001
949 946 950 0001
950 819 951 0001
951 815 952 0110
952 945 953 1000
953 1384 954 0110
786 817 955 1000
955 814 956 0110
912 1384 957 0110
921 941 958 1000
958 957 959 0110
959 956 960 0001
751 722 961 0110
913 1384 962 0110
916 962 963 0110
963 961 964 0001
964 1384 965 0110
920 917 966 0110
966 965 967 0001
967 785 968 1000
966 965 969 1000
969 968 970 1000
970 960 971 1000
959 956 972 1000
972 971 973 1000
973 954 974 0001
974 945 975 1000
975 833 976 1000
976 785 977 1000
976 966 978 0001
978 977 979 1000
50 47 980 0001
54 44 981 0001
58 41 982 0001
62 38 983 0001
66 35 984 0001
70 32 985 0001
74 29 986 0001
78 26 987 0001
82 23 988 0001
86 20 989 0001
90 17 990 0001
94 14 991 0001
98 11 992 0001
102 8 993 0001
106 2 994 0001
110 5 995 0001
995 994 996 0110
996 993 997 0110
997 992 998 0110
998 991 999 0110
999 990 1000 0110
1000 989 1001 0110
1001 988 1002 0110
1002 987 1003 0110
1003 986 1004 0110
1004 985 1005 0110
1005 984 1006 0110
1006 983 1007 0110
1007 982 1008 0110
1008 981 1009 0110
1009 980 1010 0001
1008 981 1011 0001
1007 982 1012 0001
1006 983 1013 0001
1005 984 1014 0001
1004 985 1015 0001
1003 986 1016 0001
1002 987 1017 0001
999 990 1018 0001
1018 1384 1019 0110
995 994 1020 0001
996 993 1021 0001
1021 1020 1022 1000
997 992 1023 0001
998 991 1024 0001
1024 1023 1025 1000
1025 1022 1026 0110
1026 1019 1027 0110
1000 989 1028 0001
988 1384 1029 0110
1000 989 1030 1000
1030 1029 1031 1000
1031 1028 1032 1000
1032 1027 1033 0110
1033 1017 1034 0110
1034 1016 1035 0110
1035 1015 1036 0110
1036 1014 1037 0110
1037 1013 1038 0110
1038 1012 1039 0110
1039 1011 1040 0110
1040 1010 1041 0110
212 41 1042 0001
214 38 1043 0001
216 35 1044 0001
218 32 1045 0001
220 29 1046 0001
222 26 1047 0001
224 23 1048 0001
226 20 1049 0001
228 17 1050 0001
230 14 1051 0001
232 11 1052 0001
234 8 1053 0001
236 2 1054 0001
238 5 1055 0001
1055 1054 1056 0110
1056 1053 1057 0110
1057 1052 1058 0110
1058 1051 1059 0110
1059 1050 1060 0110
1060 1049 1061 0110
1061 1048 1062 0110
1062 1047 1063 0110
1063 1046 1064 0110
1064 1045 1065 0110
1065 1044 1066 0110
1066 1043 1067 0110
1067 1042 1068 0001
1066 1043 1069 0001
1065 1044 1070 0001
1064 1045 1071 0001
1063 1046 1072 0001
1062 1047 1073 0001
1059 1050 1074 0001
1055 1054 1075 0001
1056 1053 1076 0001
1076 1075 1077 1000
1057 1052 1078 0001
1058 1051 1079 0001
1079 1078 1080 1000
1080 1077 1081 0110
1081 1074 1082 0110
1082 1384 1083 0110
1060 1049 1084 0001
1061 1048 1085 0001
1085 1084 1086 1000
1086 1083 1087 0110
1087 1073 1088 0110
1088 1072 1089 0110
1089 1071 1090 0110
1090 1070 1091 0110
1091 1069 1092 0110
1092 1068 1093 0001
1091 1069 1094 0001
1089 1071 1095 0001
1088 1072 1096 0001
1087 1073 1097 0001
1082 1085 1098 0001
1098 1384 1099 0110
1081 1074 1100 0001
1100 1384 1101 0110
1080 1077 1102 1000
1084 1384 1103 0110
1081 1074 1104 1000
1104 1103 1105 1000
1105 1102 1106 1000
1106 1101 1107 0001
1107 1099 1108 0110
1108 1097 1109 0110
1109 1096 1110 1000
1108 1096 1111 0001
1111 1110 1112 1000
1112 1095 1113 1000
1109 1095 1114 0001
1114 1113 1115 1000
1115 1094 1116 0001
1094 1384 1117 0110
1090 1070 1118 0001
1118 1384 1119 0110
1115 1119 1120 0110
1120 1117 1121 0001
1121 1116 1122 1000
1122 1093 1123 0110
312 44 1124 0001
1067 1042 1125 0110
1125 1124 1126 0001
1092 1068 1127 0110
1127 1126 1128 0001
318 47 1129 0001
1125 1124 1130 0110
1130 1129 1131 0001
1127 1126 1132 0110
1132 1131 1133 0001
1133 1128 1134 1000
1134 1384 1135 0110
1135 1123 1136 0110
1010 1384 1137 0110
1040 1137 1138 0110
1009 980 1139 0110
1129 1384 1140 0110
1130 1140 1141 0110
1141 1139 1142 0001
1142 1384 1143 0110
1143 1138 1144 0001
1131 1384 1145 0110
1132 1145 1146 0110
1142 1041 1147 0001
1147 1146 1148 1000
1148 1144 1149 1000
1036 1014 1150 0001
1001 988 1151 0001
1027 1384 1152 0110
1152 1151 1153 0001
1026 1018 1154 0001
1154 1384 1155 0110
1025 1022 1156 1000
1028 1384 1157 0110
1026 1018 1158 1000
1158 1157 1159 1000
1159 1156 1160 1000
1160 1155 1161 0001
1161 1153 1162 0110
1033 1017 1163 0001
1034 1016 1164 0001
1164 1163 1165 1000
1165 1162 1166 1001
1166 1150 1167 0001
1035 1015 1168 0001
1168 1384 1169 0110
1166 1169 1170 0001
1170 1384 1171 0110
1166 1169 1172 1000
1172 1150 1173 1000
1173 1171 1174 0001
1174 1167 1175 1000
1037 1013 1176 0001
1038 1012 1177 0001
1177 1176 1178 1000
1178 1384 1179 0110
1179 1175 1180 0110
1039 1011 1181 0001
1040 1010 1182 0001
1182 1181 1183 1000
1183 1180 1184 0110
1184 1149 1185 1000
1185 1136 1186 1000
1184 1149 1187 0001
1187 1186 1188 1000
1135 1123 1189 0001
1116 1093 1190 1000
1190 1121 1191 1000
1191 1384 1192 0110
1111 1384 1193 0110
1107 1099 1194 1000
1108 1097 1195 0001
1195 1194 1196 1000
1196 1193 1197 0001
1115 1118 1198 0001
1198 1114 1199 1000
1199 1197 1200 0001
1200 1192 1201 0001
1201 1189 1202 0110
1178 1175 1203 0110
1203 1182 1204 0001
1178 1175 1205 1000
1173 1170 1206 1000
1153 1384 1207 0110
1161 1207 1208 1000
1165 1162 1209 1000
1209 1208 1210 1000
1210 1384 1211 0110
1211 1206 1212 1000
1212 1384 1213 0110
1213 1205 1214 1000
1214 1384 1215 0110
1215 1204 1216 0001
1203 1181 1217 0001
1217 1204 1218 1000
1218 1214 1219 0001
1219 1216 1220 1000
1220 1202 1221 1000
1221 1188 1222 1000
1222 1384 1223 0110
1160 1207 1224 1000
1209 1224 1225 1000
1225 1384 1226 0110
1226 1206 1227 1000
1227 1384 1228 0110
1228 1204 1229 0001
1116 1384 1230 0110
1114 1384 1231 0110
1106 1099 1232 1000
1195 1232 1233 1000
1233 1193 1234 0001
1234 1231 1235 0001
1235 1384 1236 0110
1236 1198 1237 1000
1237 1230 1238 0001
1093 1384 1239 0110
1121 1239 1240 1000
1240 1384 1241 0110
1241 1238 1242 0001
1242 1189 1243 0110
1204 1384 1244 0110
1217 1384 1245 0110
1228 1205 1246 1000
1246 1245 1247 0001
1247 1244 1248 0001
1248 1229 1249 1000
1249 1243 1250 0001
1250 1229 1251 1000
1251 1223 1252 0001
1252 1041 1253 1000
1252 1146 1254 0001
1254 1253 1255 1000
1255 979 1256 1000
976 963 1257 0001
976 961 1258 1000
1258 1257 1259 1000
1139 1384 1260 0110
1252 1260 1261 1000
1141 1384 1262 0110
1252 1262 1263 0001
1263 1261 1264 1000
1264 1259 1265 0001
1265 1256 1266 1000
1266 1384 1267 0110
956 1384 1268 0110
976 1268 1269 1000
959 1384 1270 0110
976 1270 1271 0001
1271 1269 1272 1000
1184 1384 1273 0110
1252 1273 1274 1000
1252 1136 1275 0001
1275 1274 1276 1000
1276 1272 1277 1000
1255 979 1278 0001
1278 1277 1279 1000
1279 1267 1280 0001
1276 1272 1281 0001
911 900 1282 1000
1282 1384 1283 0110
898 888 1284 0001
1284 1384 1285 0110
935 1384 1286 0110
887 1384 1287 0110
882 875 1288 1000
932 1288 1289 1000
1289 1287 1290 0001
1290 1286 1291 0001
1291 1285 1292 0001
1292 1283 1293 0001
1293 923 1294 1000
942 1384 1295 0110
1293 1295 1296 0001
1296 923 1297 0001
1297 1294 1298 1000
832 816 1299 0110
1299 1298 1300 1000
1300 1384 1301 0110
1243 1384 1302 0110
1249 1302 1303 1000
1303 1301 1304 0001
1304 1281 1305 1000
1305 1384 1306 0110
1306 1280 1307 1000
1303 1301 1308 1000
1238 1384 1309 0110
1309 1123 1310 0001
1310 1133 1311 0001
1311 1229 1312 1000
1312 1384 1313 0110
1313 1308 1314 1000
1314 1384 1315 0110
1315 1307 1316 1000
1294 833 1317 1000
1317 1384 1318 0110
1318 1316 1319 1000
1319 979 1320 1000
1319 1255 1321 0001
1321 1320 1322 1000
1322 721 1323 1000
1323 1384 1324 0110
1264 1384 1325 0110
1319 1325 1326 0001
1259 1384 1327 0110
1319 1327 1328 1000
1328 1326 1329 1000
718 683 1330 1000
718 688 1331 0001
1331 1330 1332 1000
1332 1329 1333 0001
1333 1324 1334 0001
718 695 1335 1000
718 698 1336 0001
1336 1335 1337 1000
1319 1276 1338 0001
1319 1272 1339 1000
1339 1338 1340 1000
1340 1337 1341 1000
1322 721 1342 0001
1342 1341 1343 1000
1343 1384 1344 0110
1344 1334 1345 1000
1340 1337 1346 0001
704 1384 1347 0110
718 1347 1348 0001
718 705 1349 1000
1349 1348 1350 1000
1303 1384 1351 0110
1319 1351 1352 0001
1319 1300 1353 1000
1353 1352 1354 1000
1354 1384 1355 0110
1355 1350 1356 0001
1356 1346 1357 1000
1357 1384 1358 0110
1358 1345 1359 1000
1350 1384 1360 0110
1354 1360 1361 0001
712 643 1362 0001
1362 1384 1363 0110
1363 1361 1364 1000
1364 1384 1365 0110
1365 1359 1366 1000
1366 1319 1367 0001
718 1384 1368 0110
1366 1368 1369 1000
1369 1367 1370 1000
1370 1384 1371 0110
377 1384 1372 0110
1370 1372 1373 1000
1366 675 1374 1000
1374 1369 1375 1000
1375 1373 1376 1000
1370 976 1377 0001
1319 1252 1378 0001
1378 1384 1379 0110
1379 1366 1380 0001
1380 1384 1381 0110
1381 1377 1382 1000
1382 1376 1383 1000
