# first row is comment
32 8 40
P0 1
0
P1 1
1
P2 1
2
P3 1
3
P4 1
4
P5 1
5
P6 1
6
P7 1
7
Out 1
38
# list of gates
0 0 39 1001
1 0 8 0110
2 39 9 0110
8 9 10 0110
3 39 11 0110
10 11 12 0110
4 39 13 0110
12 13 14 0110
5 39 15 0110
14 15 16 0110
6 39 17 0110
16 17 18 0001
14 15 19 0001
18 19 20 1000
1 0 21 0001
21 2 22 1000
1 0 23 1000
22 23 24 1000
20 24 25 1000
10 11 26 0001
12 13 27 0001
27 26 28 1000
16 6 29 0110
29 7 30 0001
30 28 31 0001
31 39 32 0110
32 25 33 0001
20 24 34 0001
34 39 35 0110
30 28 36 1000
36 35 37 0001
37 33 38 1000
