# first row is comment
933 16 981
P0 3
0
1
2
P1 3
3
4
5
P2 3
6
7
8
P3 3
9
10
11
P4 3
12
13
14
P5 3
15
16
17
P6 3
18
19
20
P7 3
21
22
23
P8 3
24
25
26
P9 3
27
28
29
P10 3
30
31
32
P11 3
33
34
35
P12 3
36
37
38
P13 3
39
40
41
P14 3
42
43
44
P15 3
45
46
47
Out 3
979
970
967
# list of gates
0 0 980 1001
36 980 48 0110
48 37 49 1000
38 980 50 0110
49 50 51 0001
30 980 52 0110
52 31 53 1000
32 980 54 0110
53 54 55 0001
33 980 56 0110
56 34 57 1000
35 980 58 0110
57 58 59 0001
55 59 60 0110
51 60 61 0110
3 980 62 0110
62 4 63 1000
5 980 64 0110
63 64 65 0001
61 65 66 1001
45 980 67 0110
67 46 68 1000
47 980 69 0110
68 69 70 0001
27 980 71 0110
71 28 72 1000
29 980 73 0110
72 73 74 0001
70 74 75 1001
39 980 76 0110
76 40 77 1000
41 980 78 0110
77 78 79 0001
42 980 80 0110
80 43 81 1000
44 980 82 0110
81 82 83 0001
79 83 84 0110
75 84 85 1001
66 85 86 1001
0 980 87 0110
87 1 88 1000
2 980 89 0110
88 89 90 0001
86 90 91 1001
15 980 92 0110
92 16 93 1000
17 980 94 0110
93 94 95 0001
9 980 96 0110
96 10 97 1000
11 980 98 0110
97 98 99 0001
12 980 100 0110
100 13 101 1000
14 980 102 0110
101 102 103 0001
99 103 104 0110
95 104 105 0110
24 980 106 0110
106 25 107 1000
26 980 108 0110
107 108 109 0001
6 980 110 0110
110 7 111 1000
8 980 112 0110
111 112 113 0001
109 113 114 1001
18 980 115 0110
115 19 116 1000
20 980 117 0110
116 117 118 0001
21 980 119 0110
119 22 120 1000
23 980 121 0110
120 121 122 0001
118 122 123 0110
114 123 124 1001
105 124 125 0110
91 125 126 0110
126 980 127 0110
37 36 128 1000
128 50 129 0001
31 30 130 1000
130 54 131 0001
34 33 132 1000
132 58 133 0001
131 133 134 0110
129 134 135 0110
4 3 136 1000
136 64 137 0001
135 137 138 1001
46 45 139 1000
139 69 140 0001
28 27 141 1000
141 73 142 0001
140 142 143 1001
40 39 144 1000
144 78 145 0001
43 42 146 1000
146 82 147 0001
145 147 148 0110
143 148 149 1001
138 149 150 1001
1 0 151 1000
151 89 152 0001
150 152 153 1001
16 15 154 1000
154 94 155 0001
9 10 156 1000
156 98 157 0001
13 12 158 1000
158 102 159 0001
157 159 160 0110
155 160 161 0110
25 24 162 1000
162 108 163 0001
7 6 164 1000
164 112 165 0001
163 165 166 1001
19 18 167 1000
167 117 168 0001
22 21 169 1000
169 121 170 0001
168 170 171 0110
166 171 172 1001
161 172 173 0110
153 173 174 0110
127 174 175 1000
70 79 176 0110
176 84 177 0001
79 177 178 1001
74 61 179 0110
179 85 180 0001
74 180 181 0110
178 181 182 1001
65 125 183 0110
183 86 184 0001
65 184 185 0110
182 185 186 1001
51 55 187 0110
187 60 188 0001
55 188 189 1001
186 189 190 0110
126 90 191 0001
190 191 192 1001
95 99 193 0110
193 104 194 0001
99 194 195 0110
109 118 196 0110
196 123 197 0001
118 197 198 1001
113 105 199 0110
199 124 200 0001
113 200 201 0110
198 201 202 1001
195 202 203 0110
192 203 204 0110
204 175 205 0110
155 157 206 0110
206 160 207 0001
157 207 208 0110
163 168 209 0110
209 171 210 0001
168 210 211 1001
165 161 212 0110
212 172 213 0001
165 213 214 0110
211 214 215 1001
208 215 216 0110
174 152 217 0001
216 217 218 1001
140 145 219 0110
219 148 220 0001
145 220 221 1001
142 135 222 0110
222 149 223 0001
142 223 224 0110
221 224 225 1001
137 173 226 0110
226 150 227 0001
137 227 228 0110
225 228 229 1001
129 131 230 0110
230 134 231 0001
131 231 232 0110
229 232 233 1001
218 233 234 1001
234 980 235 0110
175 235 236 1001
205 236 237 0001
175 237 238 0110
181 189 239 1001
239 182 240 0001
181 240 241 1001
185 203 242 0110
242 190 243 0001
185 243 244 0110
241 244 245 1001
204 191 246 0001
245 246 247 1001
201 195 248 0110
248 202 249 0001
201 249 250 1001
247 250 251 1001
251 238 252 0110
214 208 253 0110
253 215 254 0001
214 254 255 0110
235 217 256 0001
255 256 257 1001
224 232 258 0110
258 225 259 0001
224 259 260 1001
216 228 261 0110
261 233 262 0001
228 262 263 0110
260 263 264 1001
257 264 265 0110
265 238 266 1001
252 266 267 0001
238 267 268 1001
4 62 269 0001
4 3 270 0001
7 110 271 0001
7 6 272 0001
10 96 273 0001
10 9 274 0001
13 100 275 0001
13 12 276 0001
16 92 277 0001
16 15 278 0001
19 115 279 0001
19 18 280 0001
22 119 281 0001
22 21 282 0001
25 106 283 0001
25 24 284 0001
28 71 285 0001
28 27 286 0001
31 52 287 0001
31 30 288 0001
34 56 289 0001
34 33 290 0001
37 48 291 0001
37 36 292 0001
40 76 293 0001
40 39 294 0001
43 80 295 0001
43 42 296 0001
46 67 297 0001
46 45 298 0001
1 87 299 0001
1 0 300 0001
2 151 301 0001
2 88 302 0001
2 299 303 0001
2 300 304 0001
5 136 305 0001
5 63 306 0001
5 269 307 0001
5 270 308 0001
8 164 309 0001
8 111 310 0001
8 271 311 0001
8 272 312 0001
11 156 313 0001
11 97 314 0001
11 273 315 0001
11 274 316 0001
14 158 317 0001
14 101 318 0001
14 275 319 0001
14 276 320 0001
17 154 321 0001
17 93 322 0001
17 277 323 0001
17 278 324 0001
20 167 325 0001
20 116 326 0001
20 279 327 0001
20 280 328 0001
23 169 329 0001
23 120 330 0001
23 281 331 0001
23 282 332 0001
26 162 333 0001
26 107 334 0001
26 283 335 0001
26 284 336 0001
29 141 337 0001
29 72 338 0001
29 285 339 0001
29 286 340 0001
32 130 341 0001
32 53 342 0001
32 287 343 0001
32 288 344 0001
35 132 345 0001
35 57 346 0001
35 289 347 0001
35 290 348 0001
38 128 349 0001
38 49 350 0001
38 291 351 0001
38 292 352 0001
41 144 353 0001
41 77 354 0001
41 293 355 0001
41 294 356 0001
44 146 357 0001
44 81 358 0001
44 295 359 0001
44 296 360 0001
47 139 361 0001
47 68 362 0001
47 297 363 0001
47 298 364 0001
313 317 365 0110
321 365 366 0110
309 333 367 1001
325 329 368 0110
367 368 369 1001
366 369 370 0110
370 301 371 1001
341 345 372 0110
349 372 373 0110
373 305 374 1001
361 337 375 1001
353 357 376 0110
375 376 377 1001
374 377 378 1001
371 378 379 1001
379 980 380 0110
314 318 381 0110
322 381 382 0110
310 334 383 1001
326 330 384 0110
383 384 385 1001
382 385 386 0110
386 302 387 1001
342 346 388 0110
350 388 389 0110
389 306 390 1001
362 338 391 1001
354 358 392 0110
391 392 393 1001
390 393 394 1001
387 394 395 0110
395 379 396 0001
362 354 397 0110
397 392 398 0001
354 398 399 1001
338 389 400 0110
400 393 401 0001
338 401 402 0110
399 402 403 1001
306 386 404 0110
404 394 405 0001
306 405 406 0110
403 406 407 1001
350 342 408 0110
408 388 409 0001
342 409 410 1001
407 410 411 0110
395 302 412 0001
411 412 413 1001
322 314 414 0110
414 381 415 0001
314 415 416 0110
334 326 417 0110
417 384 418 0001
326 418 419 1001
310 382 420 0110
420 385 421 0001
310 421 422 0110
419 422 423 1001
416 423 424 0110
413 424 425 0110
425 396 426 0110
321 313 427 0110
427 365 428 0001
313 428 429 0110
333 325 430 0110
430 368 431 0001
325 431 432 1001
309 366 433 0110
433 369 434 0001
309 434 435 0110
432 435 436 1001
429 436 437 0110
380 301 438 0001
437 438 439 1001
361 353 440 0110
440 376 441 0001
353 441 442 1001
337 373 443 0110
443 377 444 0001
337 444 445 0110
442 445 446 1001
305 370 447 0110
447 378 448 0001
305 448 449 0110
446 449 450 1001
349 341 451 0110
451 372 452 0001
341 452 453 0110
450 453 454 1001
439 454 455 1001
455 980 456 0110
396 456 457 1001
426 457 458 0001
396 458 459 0110
402 410 460 1001
460 403 461 0001
402 461 462 1001
406 424 463 0110
463 411 464 0001
406 464 465 0110
462 465 466 1001
425 412 467 0001
466 467 468 1001
422 416 469 0110
469 423 470 0001
422 470 471 1001
468 471 472 1001
472 459 473 0110
435 429 474 0110
474 436 475 0001
435 475 476 0110
456 438 477 0001
476 477 478 1001
445 453 479 0110
479 446 480 0001
445 480 481 1001
437 449 482 0110
482 454 483 0001
449 483 484 0110
481 484 485 1001
478 485 486 0110
459 486 487 1001
473 487 488 0001
459 488 489 0110
465 471 490 1001
490 466 491 0001
472 467 492 0001
491 492 493 0110
465 493 494 1001
494 489 495 0110
476 484 496 0110
496 485 497 0001
486 477 498 0001
497 498 499 0110
484 499 500 1001
489 500 501 1001
495 501 502 0001
489 502 503 0110
500 498 504 0001
503 504 505 1000
494 492 506 0001
506 503 507 0110
505 507 508 1000
503 508 509 0110
509 980 510 0110
380 395 511 0110
510 511 512 0001
380 512 513 1001
315 319 514 0110
323 514 515 0110
311 335 516 1001
327 331 517 0110
516 517 518 1001
515 518 519 0110
519 303 520 1001
343 347 521 0110
351 521 522 0110
522 307 523 1001
363 339 524 1001
355 359 525 0110
524 525 526 1001
523 526 527 1001
520 527 528 1001
316 320 529 0110
324 529 530 0110
312 336 531 1001
328 332 532 0110
531 532 533 1001
530 533 534 0110
534 304 535 1001
344 348 536 0110
352 536 537 0110
537 308 538 1001
364 340 539 1001
356 360 540 0110
539 540 541 1001
538 541 542 1001
535 542 543 0110
543 528 544 0001
364 356 545 0110
545 540 546 0001
356 546 547 1001
340 537 548 0110
548 541 549 0001
340 549 550 0110
547 550 551 1001
308 534 552 0110
552 542 553 0001
308 553 554 0110
551 554 555 1001
352 344 556 0110
556 536 557 0001
344 557 558 1001
555 558 559 0110
543 304 560 0001
559 560 561 1001
324 316 562 0110
562 529 563 0001
316 563 564 0110
336 328 565 0110
565 532 566 0001
328 566 567 1001
312 530 568 0110
568 533 569 0001
312 569 570 0110
567 570 571 1001
564 571 572 0110
561 572 573 0110
573 544 574 0110
323 315 575 0110
575 514 576 0001
315 576 577 0110
335 327 578 0110
578 517 579 0001
327 579 580 1001
311 515 581 0110
581 518 582 0001
311 582 583 0110
580 583 584 1001
577 584 585 0110
528 980 586 0110
586 303 587 0001
585 587 588 1001
363 355 589 0110
589 525 590 0001
355 590 591 1001
339 522 592 0110
592 526 593 0001
339 593 594 0110
591 594 595 1001
307 519 596 0110
596 527 597 0001
307 597 598 0110
595 598 599 1001
351 343 600 0110
600 521 601 0001
343 601 602 0110
599 602 603 1001
588 603 604 1001
604 980 605 0110
544 605 606 1001
574 606 607 0001
544 607 608 0110
550 558 609 1001
609 551 610 0001
550 610 611 1001
554 572 612 0110
612 559 613 0001
554 613 614 0110
611 614 615 1001
573 560 616 0001
615 616 617 1001
570 564 618 0110
618 571 619 0001
570 619 620 1001
617 620 621 1001
621 608 622 0110
583 577 623 0110
623 584 624 0001
583 624 625 0110
605 587 626 0001
625 626 627 1001
594 602 628 0110
628 595 629 0001
594 629 630 1001
585 598 631 0110
631 603 632 0001
598 632 633 0110
630 633 634 1001
627 634 635 0110
608 635 636 1001
622 636 637 0001
608 637 638 0110
614 620 639 1001
639 615 640 0001
621 616 641 0001
640 641 642 0110
614 642 643 1001
643 638 644 0110
625 633 645 0110
645 634 646 0001
635 626 647 0001
646 647 648 0110
633 648 649 1001
638 649 650 1001
644 650 651 0001
638 651 652 0110
649 647 653 0001
652 653 654 1000
643 641 655 0001
655 652 656 0110
654 656 657 1000
652 657 658 1001
586 543 659 0110
658 659 660 0001
528 660 661 1001
661 513 662 0001
604 573 663 1001
658 663 664 0001
604 664 665 0110
665 662 666 1001
455 425 667 1001
510 667 668 0001
455 668 669 0110
662 669 670 0110
666 670 671 0001
662 671 672 0110
635 621 673 0110
658 673 674 0001
635 674 675 1001
675 672 676 1001
486 472 677 0110
510 677 678 0001
486 678 679 1001
672 679 680 0110
676 680 681 0001
672 681 682 0110
643 649 683 0001
683 682 684 0110
494 500 685 0001
682 685 686 1001
684 686 687 0001
682 687 688 1001
504 506 689 1000
689 688 690 0001
653 655 691 1000
688 691 692 0110
690 692 693 1000
688 693 694 0110
513 661 695 1001
694 695 696 0001
513 696 697 1001
291 50 698 0001
287 54 699 0001
289 58 700 0001
699 700 701 0110
698 701 702 0110
269 64 703 0001
702 703 704 1001
297 69 705 0001
285 73 706 0001
705 706 707 1001
293 78 708 0001
295 82 709 0001
708 709 710 0110
707 710 711 1001
704 711 712 1001
299 89 713 0001
712 713 714 1001
277 94 715 0001
273 98 716 0001
275 102 717 0001
716 717 718 0110
715 718 719 0110
283 108 720 0001
271 112 721 0001
720 721 722 1001
279 117 723 0001
281 121 724 0001
723 724 725 0110
722 725 726 1001
719 726 727 0110
714 727 728 0110
292 50 729 0001
288 54 730 0001
290 58 731 0001
730 731 732 0110
729 732 733 0110
270 64 734 0001
733 734 735 1001
298 69 736 0001
286 73 737 0001
736 737 738 1001
294 78 739 0001
296 82 740 0001
739 740 741 0110
738 741 742 1001
735 742 743 1001
300 89 744 0001
743 744 745 1001
278 94 746 0001
274 98 747 0001
276 102 748 0001
747 748 749 0110
746 749 750 0110
284 108 751 0001
272 112 752 0001
751 752 753 1001
280 117 754 0001
282 121 755 0001
754 755 756 0110
753 756 757 1001
750 757 758 0110
745 758 759 0110
759 980 760 0110
760 728 761 1000
736 739 762 0110
762 741 763 0001
739 763 764 1001
737 733 765 0110
765 742 766 0001
737 766 767 0110
764 767 768 1001
734 758 769 0110
769 743 770 0001
734 770 771 0110
768 771 772 1001
729 730 773 0110
773 732 774 0001
730 774 775 1001
772 775 776 0110
759 744 777 0001
776 777 778 1001
746 747 779 0110
779 749 780 0001
747 780 781 0110
751 754 782 0110
782 756 783 0001
754 783 784 1001
752 750 785 0110
785 757 786 0001
752 786 787 0110
784 787 788 1001
781 788 789 0110
778 789 790 0110
790 761 791 0110
715 716 792 0110
792 718 793 0001
716 793 794 0110
720 723 795 0110
795 725 796 0001
723 796 797 1001
721 719 798 0110
798 726 799 0001
721 799 800 0110
797 800 801 1001
794 801 802 0110
728 713 803 0001
802 803 804 1001
705 708 805 0110
805 710 806 0001
708 806 807 1001
706 702 808 0110
808 711 809 0001
706 809 810 0110
807 810 811 1001
703 727 812 0110
812 712 813 0001
703 813 814 0110
811 814 815 1001
698 699 816 0110
816 701 817 0001
699 817 818 0110
815 818 819 1001
804 819 820 1001
820 980 821 0110
761 821 822 1001
791 822 823 0001
761 823 824 0110
767 775 825 1001
825 768 826 0001
767 826 827 1001
771 789 828 0110
828 776 829 0001
771 829 830 0110
827 830 831 1001
790 777 832 0001
831 832 833 1001
787 781 834 0110
834 788 835 0001
787 835 836 1001
833 836 837 1001
837 824 838 0110
800 794 839 0110
839 801 840 0001
800 840 841 0110
821 803 842 0001
841 842 843 1001
810 818 844 0110
844 811 845 0001
810 845 846 1001
802 814 847 0110
847 819 848 0001
814 848 849 0110
846 849 850 1001
843 850 851 0110
824 851 852 1001
838 852 853 0001
824 853 854 0110
830 836 855 1001
855 831 856 0001
837 832 857 0001
856 857 858 0110
830 858 859 1001
859 854 860 0110
841 849 861 0110
861 850 862 0001
851 842 863 0001
862 863 864 0110
849 864 865 1001
854 865 866 1001
860 866 867 0001
854 867 868 0110
865 863 869 0001
868 869 870 1000
859 857 871 0001
871 868 872 0110
870 872 873 1000
868 873 874 1001
728 759 875 0110
874 875 876 0001
728 876 877 1001
255 263 878 0110
878 264 879 0001
265 256 880 0001
879 880 881 0110
263 881 882 1001
268 882 883 0001
244 250 884 1001
884 245 885 0001
251 246 886 0001
885 886 887 0110
244 887 888 1001
268 888 889 0110
883 889 890 1000
268 890 891 1001
882 880 892 0001
891 892 893 1000
174 126 894 0110
893 894 895 0001
174 895 896 1001
896 980 897 0110
877 897 898 1000
820 790 899 1001
874 899 900 0001
820 900 901 0110
901 898 902 1001
234 204 903 1001
893 903 904 0001
234 904 905 0110
898 905 906 0110
902 906 907 0001
898 907 908 0110
851 837 909 0110
874 909 910 0001
851 910 911 1001
911 908 912 1001
265 251 913 0110
893 913 914 0001
265 914 915 1001
908 915 916 0110
912 916 917 0001
908 917 918 0110
859 865 919 0001
919 918 920 0110
888 882 921 0001
918 921 922 1001
920 922 923 0001
918 923 924 1001
888 886 925 0001
892 925 926 1000
926 924 927 0001
869 871 928 1000
924 928 929 0110
927 929 930 1000
924 930 931 0110
897 877 932 1001
931 932 933 0001
933 896 934 0110
697 934 935 0001
669 665 936 0110
694 936 937 0001
935 937 938 0110
669 938 939 1001
905 901 940 0110
931 940 941 0001
935 941 942 0110
905 942 943 0110
939 943 944 0001
935 944 945 0110
679 675 946 0110
694 946 947 0001
679 947 948 1001
948 945 949 0110
915 911 950 0110
931 950 951 0001
951 915 952 0110
945 952 953 0110
949 953 954 0001
945 954 955 0110
683 685 956 0001
956 955 957 0110
919 921 958 0001
955 958 959 1001
957 959 960 0001
955 960 961 1001
928 926 962 0001
962 961 963 0001
691 689 964 0001
961 964 965 0110
963 965 966 1000
961 966 967 0110
931 694 968 0110
967 968 969 0001
931 969 970 0110
510 658 971 0110
970 971 972 0001
509 972 973 1001
874 893 974 0110
970 974 975 0001
893 975 976 1001
973 976 977 1001
967 977 978 0001
978 976 979 1001
