# first row is comment
475 8 499
P0 3
0
1
2
P1 3
3
4
5
P2 3
6
7
8
P3 3
9
10
11
P4 3
12
13
14
P5 3
15
16
17
P6 3
18
19
20
P7 3
21
22
23
Out 3
497
488
485
# list of gates
0 0 498 1001
0 498 24 0110
24 1 25 1000
2 498 26 0110
25 26 27 0001
21 498 28 0110
28 22 29 1000
23 498 30 0110
29 30 31 0001
3 498 32 0110
32 4 33 1000
5 498 34 0110
33 34 35 0001
31 35 36 1001
15 498 37 0110
37 16 38 1000
17 498 39 0110
38 39 40 0001
18 498 41 0110
41 19 42 1000
20 498 43 0110
42 43 44 0001
40 44 45 0110
36 45 46 1001
27 46 47 1001
12 498 48 0110
48 13 49 1000
14 498 50 0110
49 50 51 0001
6 498 52 0110
52 7 53 1000
8 498 54 0110
53 54 55 0001
9 498 56 0110
56 10 57 1000
11 498 58 0110
57 58 59 0001
55 59 60 0110
51 60 61 0110
47 61 62 0110
62 498 63 0110
1 0 64 1000
64 26 65 0001
22 21 66 1000
66 30 67 0001
4 3 68 1000
68 34 69 0001
67 69 70 1001
16 15 71 1000
71 39 72 0001
19 18 73 1000
73 43 74 0001
72 74 75 0110
70 75 76 1001
65 76 77 1001
13 12 78 1000
78 50 79 0001
7 6 80 1000
80 54 81 0001
9 10 82 1000
82 58 83 0001
81 83 84 0110
79 84 85 0110
77 85 86 0110
63 86 87 1000
31 40 88 0110
88 45 89 0001
40 89 90 1001
35 61 91 0110
91 46 92 0001
35 92 93 0110
90 93 94 1001
62 27 95 0001
94 95 96 1001
51 55 97 0110
97 60 98 0001
55 98 99 1001
96 99 100 1001
100 87 101 0110
79 81 102 0110
102 84 103 0001
81 103 104 0110
86 65 105 0001
104 105 106 1001
67 72 107 0110
107 75 108 0001
72 108 109 1001
69 85 110 0110
110 76 111 0001
69 111 112 0110
109 112 113 1001
106 113 114 0110
87 114 115 1001
101 115 116 0001
87 116 117 1001
4 32 118 0001
4 3 119 0001
7 52 120 0001
7 6 121 0001
10 56 122 0001
10 9 123 0001
13 48 124 0001
13 12 125 0001
16 37 126 0001
16 15 127 0001
19 41 128 0001
19 18 129 0001
22 28 130 0001
22 21 131 0001
1 24 132 0001
1 0 133 0001
2 64 134 0001
2 25 135 0001
2 132 136 0001
2 133 137 0001
5 68 138 0001
5 33 139 0001
5 118 140 0001
5 119 141 0001
8 80 142 0001
8 53 143 0001
8 120 144 0001
8 121 145 0001
11 82 146 0001
11 57 147 0001
11 122 148 0001
11 123 149 0001
14 78 150 0001
14 49 151 0001
14 124 152 0001
14 125 153 0001
17 71 154 0001
17 38 155 0001
17 126 156 0001
17 127 157 0001
20 73 158 0001
20 42 159 0001
20 128 160 0001
20 129 161 0001
23 66 162 0001
23 29 163 0001
23 130 164 0001
23 131 165 0001
142 146 166 0110
150 166 167 0110
167 134 168 1001
138 162 169 1001
154 158 170 0110
169 170 171 1001
168 171 172 1001
172 498 173 0110
143 147 174 0110
151 174 175 0110
175 135 176 1001
139 163 177 1001
155 159 178 0110
177 178 179 1001
176 179 180 0110
180 172 181 0001
163 155 182 0110
182 178 183 0001
155 183 184 1001
139 175 185 0110
185 179 186 0001
139 186 187 0110
184 187 188 1001
180 135 189 0001
188 189 190 1001
151 143 191 0110
191 174 192 0001
143 192 193 1001
190 193 194 1001
194 181 195 0110
150 142 196 0110
196 166 197 0001
142 197 198 0110
173 134 199 0001
198 199 200 1001
162 154 201 0110
201 170 202 0001
154 202 203 1001
138 167 204 0110
204 171 205 0001
138 205 206 0110
203 206 207 1001
200 207 208 0110
181 208 209 1001
195 209 210 0001
181 210 211 0110
187 193 212 1001
212 188 213 0001
194 189 214 0001
213 214 215 0110
187 215 216 1001
216 211 217 0110
198 206 218 0110
218 207 219 0001
208 199 220 0001
219 220 221 0110
206 221 222 1001
211 222 223 1001
217 223 224 0001
211 224 225 0110
222 220 226 0001
225 226 227 1000
216 214 228 0001
228 225 229 0110
227 229 230 1000
225 230 231 0110
231 498 232 0110
173 180 233 0110
232 233 234 0001
173 234 235 1001
144 148 236 0110
152 236 237 0110
237 136 238 1001
140 164 239 1001
156 160 240 0110
239 240 241 1001
238 241 242 1001
145 149 243 0110
153 243 244 0110
244 137 245 1001
141 165 246 1001
157 161 247 0110
246 247 248 1001
245 248 249 0110
249 242 250 0001
165 157 251 0110
251 247 252 0001
157 252 253 1001
141 244 254 0110
254 248 255 0001
141 255 256 0110
253 256 257 1001
249 137 258 0001
257 258 259 1001
153 145 260 0110
260 243 261 0001
145 261 262 1001
259 262 263 1001
263 250 264 0110
152 144 265 0110
265 236 266 0001
144 266 267 0110
242 498 268 0110
268 136 269 0001
267 269 270 1001
164 156 271 0110
271 240 272 0001
156 272 273 1001
140 237 274 0110
274 241 275 0001
140 275 276 0110
273 276 277 1001
270 277 278 0110
250 278 279 1001
264 279 280 0001
250 280 281 0110
256 262 282 1001
282 257 283 0001
263 258 284 0001
283 284 285 0110
256 285 286 1001
286 281 287 0110
267 276 288 0110
288 277 289 0001
278 269 290 0001
289 290 291 0110
276 291 292 1001
281 292 293 1001
287 293 294 0001
281 294 295 0110
292 290 296 0001
295 296 297 1000
286 284 298 0001
298 295 299 0110
297 299 300 1000
295 300 301 1001
268 249 302 0110
301 302 303 0001
242 303 304 1001
304 235 305 0001
278 263 306 0110
301 306 307 0001
278 307 308 1001
308 305 309 1001
208 194 310 0110
232 310 311 0001
208 311 312 1001
305 312 313 0110
309 313 314 0001
305 314 315 0110
286 292 316 0001
316 315 317 0110
216 222 318 0001
315 318 319 1001
317 319 320 0001
315 320 321 1001
226 228 322 1000
322 321 323 0001
296 298 324 1000
321 324 325 0110
323 325 326 1000
321 326 327 0110
235 304 328 1001
327 328 329 0001
235 329 330 1001
132 26 331 0001
130 30 332 0001
118 34 333 0001
332 333 334 1001
126 39 335 0001
128 43 336 0001
335 336 337 0110
334 337 338 1001
331 338 339 1001
124 50 340 0001
120 54 341 0001
122 58 342 0001
341 342 343 0110
340 343 344 0110
339 344 345 0110
133 26 346 0001
131 30 347 0001
119 34 348 0001
347 348 349 1001
127 39 350 0001
129 43 351 0001
350 351 352 0110
349 352 353 1001
346 353 354 1001
125 50 355 0001
121 54 356 0001
123 58 357 0001
356 357 358 0110
355 358 359 0110
354 359 360 0110
360 498 361 0110
361 345 362 1000
347 350 363 0110
363 352 364 0001
350 364 365 1001
348 359 366 0110
366 353 367 0001
348 367 368 0110
365 368 369 1001
360 346 370 0001
369 370 371 1001
355 356 372 0110
372 358 373 0001
356 373 374 1001
371 374 375 1001
375 362 376 0110
340 341 377 0110
377 343 378 0001
341 378 379 0110
345 331 380 0001
379 380 381 1001
332 335 382 0110
382 337 383 0001
335 383 384 1001
333 344 385 0110
385 338 386 0001
333 386 387 0110
384 387 388 1001
381 388 389 0110
362 389 390 1001
376 390 391 0001
362 391 392 0110
368 374 393 1001
393 369 394 0001
375 370 395 0001
394 395 396 0110
368 396 397 1001
397 392 398 0110
379 387 399 0110
399 388 400 0001
389 380 401 0001
400 401 402 0110
387 402 403 1001
392 403 404 1001
398 404 405 0001
392 405 406 0110
403 401 407 0001
406 407 408 1000
397 395 409 0001
409 406 410 0110
408 410 411 1000
406 411 412 1001
345 360 413 0110
412 413 414 0001
345 414 415 1001
104 112 416 0110
416 113 417 0001
114 105 418 0001
417 418 419 0110
112 419 420 1001
117 420 421 0001
93 99 422 1001
422 94 423 0001
100 95 424 0001
423 424 425 0110
93 425 426 1001
117 426 427 0110
421 427 428 1000
117 428 429 1001
420 418 430 0001
429 430 431 1000
86 62 432 0110
431 432 433 0001
86 433 434 1001
434 498 435 0110
415 435 436 1000
389 375 437 0110
412 437 438 0001
389 438 439 1001
439 436 440 1001
114 100 441 0110
431 441 442 0001
114 442 443 1001
436 443 444 0110
440 444 445 0001
436 445 446 0110
397 403 447 0001
447 446 448 0110
426 420 449 0001
446 449 450 1001
448 450 451 0001
446 451 452 1001
426 424 453 0001
430 453 454 1000
454 452 455 0001
407 409 456 1000
452 456 457 0110
455 457 458 1000
452 458 459 0110
435 415 460 1001
459 460 461 0001
461 434 462 0110
330 462 463 0001
312 308 464 0110
327 464 465 0001
463 465 466 0110
312 466 467 1001
443 439 468 0110
459 468 469 0001
463 469 470 0110
443 470 471 0110
467 471 472 0001
463 472 473 0110
316 318 474 0001
474 473 475 0110
447 449 476 0001
473 476 477 1001
475 477 478 0001
473 478 479 1001
456 454 480 0001
480 479 481 0001
324 322 482 0001
479 482 483 0110
481 483 484 1000
479 484 485 0110
459 327 486 0110
485 486 487 0001
459 487 488 0110
232 301 489 0110
488 489 490 0001
231 490 491 1001
412 431 492 0110
488 492 493 0001
431 493 494 1001
491 494 495 1001
485 495 496 0001
496 494 497 1001
