# first row is comment
184 8 200
P0 2
0
1
P1 2
2
3
P2 2
4
5
P3 2
6
7
P4 2
8
9
P5 2
10
11
P6 2
12
13
P7 2
14
15
Out 2
198
195
# list of gates
0 0 199 1001
1 199 16 0110
0 16 17 0001
15 199 18 0110
14 18 19 0001
3 199 20 0110
2 20 21 0001
19 21 22 1001
11 199 23 0110
10 23 24 0001
13 199 25 0110
12 25 26 0001
24 26 27 0110
22 27 28 1001
17 28 29 1001
9 199 30 0110
8 30 31 0001
5 199 32 0110
4 32 33 0001
7 199 34 0110
6 34 35 0001
33 35 36 0110
31 36 37 0110
29 37 38 0110
1 0 39 1000
15 14 40 1000
3 2 41 1000
40 41 42 1001
11 10 43 1000
13 12 44 1000
43 44 45 0110
42 45 46 1001
39 46 47 1001
9 8 48 1000
5 4 49 1000
7 6 50 1000
49 50 51 0110
48 51 52 0110
47 52 53 1001
38 53 54 0001
19 24 55 0110
55 27 56 0001
24 56 57 1001
21 37 58 0110
58 28 59 0001
21 59 60 0110
57 60 61 1001
38 17 62 0001
61 62 63 1001
31 33 64 0110
64 36 65 0001
33 65 66 1001
63 66 67 1001
54 67 68 1000
67 62 69 0001
60 66 70 1001
70 61 71 0001
71 60 72 0110
69 72 73 1000
48 49 74 0110
74 51 75 0001
49 75 76 0110
53 199 77 0110
77 39 78 0001
76 78 79 1001
40 43 80 0110
80 45 81 0001
43 81 82 1001
41 52 83 0110
83 46 84 0001
41 84 85 0110
82 85 86 1001
79 86 87 0110
87 78 88 0001
76 85 89 0110
89 86 90 0001
90 85 91 0110
88 91 92 1000
73 92 93 0110
68 93 94 0001
73 94 95 0110
68 95 96 1001
96 199 97 0110
97 38 98 1000
98 53 99 1000
9 8 100 0001
5 4 101 0001
7 6 102 0001
101 102 103 0110
100 103 104 0110
1 0 105 0001
104 105 106 1001
15 14 107 0001
3 2 108 0001
107 108 109 1001
11 10 110 0001
13 12 111 0001
110 111 112 0110
109 112 113 1001
106 113 114 0110
114 105 115 0001
107 110 116 0110
116 112 117 0001
110 117 118 1001
108 104 119 0110
119 113 120 0001
108 120 121 0110
118 121 122 1001
100 101 123 0110
123 103 124 0001
101 124 125 0110
122 125 126 1000
115 126 127 0110
114 199 128 0110
30 8 129 1000
32 4 130 1000
34 6 131 1000
130 131 132 0110
129 132 133 0110
16 0 134 1000
133 134 135 1001
18 14 136 1000
20 2 137 1000
136 137 138 1001
23 10 139 1000
25 12 140 1000
139 140 141 0110
138 141 142 1001
135 142 143 0110
128 143 144 1000
129 130 145 0110
145 132 146 0001
130 146 147 0110
143 134 148 0001
147 148 149 1001
136 139 150 0110
150 141 151 0001
139 151 152 1001
137 133 153 0110
153 142 154 0001
137 154 155 0110
152 155 156 1001
149 156 157 0110
127 157 158 0110
144 158 159 0001
127 159 160 0110
160 144 161 1001
157 148 162 0001
147 155 163 0110
163 156 164 0001
164 155 165 0110
162 165 166 1000
166 161 167 0001
127 115 168 0001
125 121 169 0110
169 122 170 0001
170 121 171 0110
168 171 172 1000
172 161 173 0110
167 173 174 1000
161 174 175 0110
143 114 176 0110
175 176 177 0001
177 143 178 1001
99 178 179 1000
127 199 180 0110
157 180 181 0001
179 181 182 0110
157 182 183 0110
87 67 184 0110
96 184 185 0001
179 185 186 0110
87 186 187 1001
183 187 188 0001
179 188 189 0110
172 166 190 0001
190 189 191 0110
73 92 192 0001
189 192 193 1001
191 193 194 0001
189 194 195 1001
175 97 196 1001
195 196 197 0001
96 197 198 0110
