# first row is comment
61 16 77
P0 1
0
P1 1
1
P2 1
2
P3 1
3
P4 1
4
P5 1
5
P6 1
6
P7 1
7
P8 1
8
P9 1
9
P10 1
10
P11 1
11
P12 1
12
P13 1
13
P14 1
14
P15 1
15
Out 1
75
# list of gates
0 0 76 1001
3 4 16 0110
5 16 17 0110
2 8 18 1001
6 7 19 0110
18 19 20 1001
17 20 21 0110
10 11 22 0110
12 22 23 0110
23 1 24 1001
15 9 25 1001
13 14 26 0110
25 26 27 1001
24 27 28 1001
21 28 29 0110
29 0 30 0001
5 3 31 0110
31 16 32 0001
3 32 33 0110
8 6 34 0110
34 19 35 0001
6 35 36 1001
2 17 37 0110
37 20 38 0001
2 38 39 0110
36 39 40 1001
33 40 41 0110
15 13 42 0110
42 26 43 0001
13 43 44 1001
9 23 45 0110
45 27 46 0001
9 46 47 0110
44 47 48 1001
1 21 49 0110
49 28 50 0001
1 50 51 0110
48 51 52 1001
12 10 53 0110
53 22 54 0001
10 54 55 0110
52 55 56 1001
41 56 57 1001
47 55 58 0110
58 48 59 0001
47 59 60 1001
51 41 61 0110
61 56 62 0001
51 62 63 0110
60 63 64 1001
39 33 65 0110
65 40 66 0001
39 66 67 0110
64 67 68 1000
57 68 69 1000
30 69 70 0001
67 63 71 0110
71 64 72 0001
72 63 73 0110
70 73 74 1000
74 76 75 0110
