# first row is comment
60 4 68
P0 2
0
1
P1 2
2
3
P2 2
4
5
P3 2
6
7
Out 2
66
62
# list of gates
0 0 67 1001
7 6 8 1000
3 2 9 1000
5 4 10 1000
9 10 11 0110
8 11 12 1000
1 0 13 1000
13 67 14 0110
12 14 15 1000
15 67 16 0110
7 67 17 0110
6 17 18 0001
3 67 19 0110
2 19 20 0001
5 67 21 0110
4 21 22 0001
20 22 23 0110
18 23 24 1000
1 24 25 1000
25 0 26 0001
18 20 27 0110
27 23 28 0001
20 28 29 0110
26 29 30 1000
16 30 31 0001
8 9 32 0110
32 11 33 0001
9 33 34 1001
31 34 35 0001
6 7 36 0001
2 3 37 0001
4 5 38 0001
37 38 39 0110
36 39 40 1000
1 67 41 0110
40 41 42 1000
42 0 43 0001
36 37 44 0110
44 39 45 0001
37 45 46 0110
43 46 47 1000
47 67 48 0110
35 48 49 1000
17 6 50 1000
19 2 51 1000
21 4 52 1000
51 52 53 0110
50 53 54 1000
0 54 55 1000
55 1 56 0001
50 51 57 0110
57 53 58 0001
51 58 59 0110
56 59 60 1000
49 60 61 0001
61 67 62 0110
60 48 63 1000
30 63 64 1001
61 64 65 1000
30 65 66 1001
