# first row is comment
396 16 428
P0 2
0
1
P1 2
2
3
P2 2
4
5
P3 2
6
7
P4 2
8
9
P5 2
10
11
P6 2
12
13
P7 2
14
15
P8 2
16
17
P9 2
18
19
P10 2
20
21
P11 2
22
23
P12 2
24
25
P13 2
26
27
P14 2
28
29
P15 2
30
31
Out 2
426
423
# list of gates
0 0 427 1001
25 427 32 0110
24 32 33 0001
21 427 34 0110
20 34 35 0001
23 427 36 0110
22 36 37 0001
35 37 38 0110
33 38 39 0110
3 427 40 0110
2 40 41 0001
39 41 42 1001
31 427 43 0110
30 43 44 0001
19 427 45 0110
18 45 46 0001
44 46 47 1001
27 427 48 0110
26 48 49 0001
29 427 50 0110
28 50 51 0001
49 51 52 0110
47 52 53 1001
42 53 54 1001
1 427 55 0110
0 55 56 0001
54 56 57 1001
11 427 58 0110
10 58 59 0001
7 427 60 0110
6 60 61 0001
9 427 62 0110
8 62 63 0001
61 63 64 0110
59 64 65 0110
17 427 66 0110
16 66 67 0001
5 427 68 0110
4 68 69 0001
67 69 70 1001
13 427 71 0110
12 71 72 0001
15 427 73 0110
14 73 74 0001
72 74 75 0110
70 75 76 1001
65 76 77 0110
57 77 78 0110
78 427 79 0110
25 24 80 1000
21 20 81 1000
23 22 82 1000
81 82 83 0110
80 83 84 0110
3 2 85 1000
84 85 86 1001
31 30 87 1000
19 18 88 1000
87 88 89 1001
27 26 90 1000
29 28 91 1000
90 91 92 0110
89 92 93 1001
86 93 94 1001
1 0 95 1000
94 95 96 1001
11 10 97 1000
7 6 98 1000
9 8 99 1000
98 99 100 0110
97 100 101 0110
17 16 102 1000
5 4 103 1000
102 103 104 1001
13 12 105 1000
15 14 106 1000
105 106 107 0110
104 107 108 1001
101 108 109 0110
96 109 110 0110
79 110 111 1000
44 49 112 0110
112 52 113 0001
49 113 114 1001
46 39 115 0110
115 53 116 0001
46 116 117 0110
114 117 118 1001
41 77 119 0110
119 54 120 0001
41 120 121 0110
118 121 122 1001
33 35 123 0110
123 38 124 0001
35 124 125 1001
122 125 126 0110
78 56 127 0001
126 127 128 1001
59 61 129 0110
129 64 130 0001
61 130 131 0110
67 72 132 0110
132 75 133 0001
72 133 134 1001
69 65 135 0110
135 76 136 0001
69 136 137 0110
134 137 138 1001
131 138 139 0110
128 139 140 0110
140 111 141 0110
97 98 142 0110
142 100 143 0001
98 143 144 0110
102 105 145 0110
145 107 146 0001
105 146 147 1001
103 101 148 0110
148 108 149 0001
103 149 150 0110
147 150 151 1001
144 151 152 0110
110 95 153 0001
152 153 154 1001
87 90 155 0110
155 92 156 0001
90 156 157 1001
88 84 158 0110
158 93 159 0001
88 159 160 0110
157 160 161 1001
85 109 162 0110
162 94 163 0001
85 163 164 0110
161 164 165 1001
80 81 166 0110
166 83 167 0001
81 167 168 0110
165 168 169 1001
154 169 170 1001
170 427 171 0110
111 171 172 1001
141 172 173 0001
111 173 174 0110
117 125 175 1001
175 118 176 0001
117 176 177 1001
121 139 178 0110
178 126 179 0001
121 179 180 0110
177 180 181 1001
140 127 182 0001
181 182 183 1001
137 131 184 0110
184 138 185 0001
137 185 186 1001
183 186 187 1001
187 174 188 0110
150 144 189 0110
189 151 190 0001
150 190 191 0110
171 153 192 0001
191 192 193 1001
160 168 194 0110
194 161 195 0001
160 195 196 1001
152 164 197 0110
197 169 198 0001
164 198 199 0110
196 199 200 1001
193 200 201 0110
174 201 202 1001
188 202 203 0001
174 203 204 0110
201 192 205 0001
191 199 206 0110
206 200 207 0001
207 199 208 0110
205 208 209 1000
204 427 210 0110
209 210 211 0001
187 182 212 0001
180 186 213 1001
213 181 214 0001
214 180 215 0110
212 215 216 1000
210 216 217 0110
211 217 218 1000
204 218 219 1001
58 10 220 1000
60 6 221 1000
62 8 222 1000
221 222 223 0110
220 223 224 0110
66 16 225 1000
68 4 226 1000
225 226 227 1001
71 12 228 1000
73 14 229 1000
228 229 230 0110
227 230 231 1001
224 231 232 0110
55 0 233 1000
232 233 234 1001
32 24 235 1000
34 20 236 1000
36 22 237 1000
236 237 238 0110
235 238 239 0110
40 2 240 1000
239 240 241 1001
43 30 242 1000
45 18 243 1000
242 243 244 1001
48 26 245 1000
50 28 246 1000
245 246 247 0110
244 247 248 1001
241 248 249 1001
234 249 250 1001
11 10 251 0001
7 6 252 0001
9 8 253 0001
252 253 254 0110
251 254 255 0110
17 16 256 0001
5 4 257 0001
256 257 258 1001
13 12 259 0001
15 14 260 0001
259 260 261 0110
258 261 262 1001
255 262 263 0110
1 0 264 0001
263 264 265 1001
25 24 266 0001
21 20 267 0001
23 22 268 0001
267 268 269 0110
266 269 270 0110
3 2 271 0001
270 271 272 1001
31 30 273 0001
19 18 274 0001
273 274 275 1001
27 26 276 0001
29 28 277 0001
276 277 278 0110
275 278 279 1001
272 279 280 1001
265 280 281 0110
281 250 282 0001
273 276 283 0110
283 278 284 0001
276 284 285 1001
274 270 286 0110
286 279 287 0001
274 287 288 0110
285 288 289 1001
271 263 290 0110
290 280 291 0001
271 291 292 0110
289 292 293 1001
266 267 294 0110
294 269 295 0001
267 295 296 1001
293 296 297 0110
281 264 298 0001
297 298 299 1001
251 252 300 0110
300 254 301 0001
252 301 302 0110
256 259 303 0110
303 261 304 0001
259 304 305 1001
257 255 306 0110
306 262 307 0001
257 307 308 0110
305 308 309 1001
302 309 310 0110
299 310 311 0110
311 282 312 0110
220 221 313 0110
313 223 314 0001
221 314 315 0110
225 228 316 0110
316 230 317 0001
228 317 318 1001
226 224 319 0110
319 231 320 0001
226 320 321 0110
318 321 322 1001
315 322 323 0110
250 427 324 0110
324 233 325 0001
323 325 326 1001
242 245 327 0110
327 247 328 0001
245 328 329 1001
243 239 330 0110
330 248 331 0001
243 331 332 0110
329 332 333 1001
240 232 334 0110
334 249 335 0001
240 335 336 0110
333 336 337 1001
235 236 338 0110
338 238 339 0001
236 339 340 0110
337 340 341 1001
326 341 342 1001
342 427 343 0110
282 343 344 1001
312 344 345 0001
282 345 346 0110
288 296 347 1001
347 289 348 0001
288 348 349 1001
292 310 350 0110
350 297 351 0001
292 351 352 0110
349 352 353 1001
311 298 354 0001
353 354 355 1001
308 302 356 0110
356 309 357 0001
308 357 358 1001
355 358 359 1001
359 346 360 0110
321 315 361 0110
361 322 362 0001
321 362 363 0110
343 325 364 0001
363 364 365 1001
332 340 366 0110
366 333 367 0001
332 367 368 1001
323 336 369 0110
369 341 370 0001
336 370 371 0110
368 371 372 1001
365 372 373 0110
346 373 374 1001
360 374 375 0001
346 375 376 1001
373 364 377 0001
363 371 378 0110
378 372 379 0001
379 371 380 0110
377 380 381 1000
381 376 382 0001
359 354 383 0001
352 358 384 1001
384 353 385 0001
385 352 386 0110
383 386 387 1000
376 387 388 0110
382 388 389 1000
376 389 390 0110
324 281 391 0110
390 391 392 0001
250 392 393 1001
110 78 394 0110
219 394 395 0001
395 110 396 1001
393 396 397 0001
342 311 398 1001
390 398 399 0001
397 399 400 0110
342 400 401 1001
171 140 402 0110
219 402 403 0001
397 403 404 0110
170 404 405 0110
401 405 406 0001
397 406 407 0110
373 359 408 0110
390 408 409 0001
373 409 410 0110
410 407 411 0110
201 187 412 0110
219 412 413 0001
413 201 414 1001
407 414 415 0110
411 415 416 0001
407 416 417 0110
387 381 418 0001
418 417 419 0110
216 209 420 0001
417 420 421 1001
419 421 422 0001
417 422 423 1001
219 390 424 0110
423 424 425 0001
219 425 426 0110
