# first row is comment
50 8 58
P0 1
0
P1 1
1
P2 1
2
P3 1
3
P4 1
4
P5 1
5
P6 1
6
P7 1
7
Out 1
56
# list of gates
0 0 57 1001
2 57 8 0110
0 1 9 0110
8 9 10 0110
10 3 11 0110
11 4 12 1000
1 0 13 1000
3 57 14 0110
10 14 15 0001
9 8 16 0001
15 16 17 1000
13 17 18 1001
18 12 19 0110
12 19 20 0001
15 18 21 0001
20 21 22 1000
22 57 23 0110
11 4 24 1001
24 5 25 1000
25 19 26 1001
5 24 27 0110
6 57 28 0110
27 28 29 0001
25 29 30 0110
26 30 31 0001
25 31 32 0110
23 32 33 1000
29 25 34 1000
12 15 35 1000
34 35 36 0110
33 36 37 0110
8 9 38 1001
38 3 39 0110
39 4 40 0110
40 5 41 1001
41 28 42 0001
2 9 43 0001
0 1 44 0001
43 44 45 1000
5 40 46 0001
4 39 47 0001
46 47 48 1000
48 57 49 0110
3 38 50 0001
49 50 51 1000
45 51 52 0001
42 52 53 1000
53 7 54 0001
37 54 55 1000
55 57 56 0110
