# first row is comment
1152 16 1200
P0 3
0
1
2
P1 3
3
4
5
P2 3
6
7
8
P3 3
9
10
11
P4 3
12
13
14
P5 3
15
16
17
P6 3
18
19
20
P7 3
21
22
23
P8 3
24
25
26
P9 3
27
28
29
P10 3
30
31
32
P11 3
33
34
35
P12 3
36
37
38
P13 3
39
40
41
P14 3
42
43
44
P15 3
45
46
47
Out 3
1198
1189
1186
# list of gates
0 0 1199 1001
3 1199 48 0110
4 48 49 0001
4 3 50 0001
6 1199 51 0110
7 51 52 0001
7 6 53 0001
9 1199 54 0110
10 54 55 0001
10 9 56 0001
12 1199 57 0110
13 57 58 0001
13 12 59 0001
15 1199 60 0110
16 60 61 0001
16 15 62 0001
18 1199 63 0110
19 63 64 0001
19 18 65 0001
21 1199 66 0110
22 66 67 0001
22 21 68 0001
24 1199 69 0110
25 69 70 0001
25 24 71 0001
27 1199 72 0110
28 72 73 0001
28 27 74 0001
30 1199 75 0110
31 75 76 0001
31 30 77 0001
33 1199 78 0110
34 78 79 0001
34 33 80 0001
36 1199 81 0110
37 81 82 0001
37 36 83 0001
39 1199 84 0110
40 84 85 0001
40 39 86 0001
42 1199 87 0110
43 87 88 0001
43 42 89 0001
45 1199 90 0110
46 90 91 0001
46 45 92 0001
0 1199 93 0110
1 93 94 0001
1 0 95 0001
1 0 96 1000
2 96 97 0001
93 1 98 1000
2 98 99 0001
2 94 100 0001
2 95 101 0001
4 3 102 1000
5 102 103 0001
48 4 104 1000
5 104 105 0001
5 49 106 0001
5 50 107 0001
7 6 108 1000
8 108 109 0001
51 7 110 1000
8 110 111 0001
8 52 112 0001
8 53 113 0001
9 10 114 1000
11 114 115 0001
54 10 116 1000
11 116 117 0001
11 55 118 0001
11 56 119 0001
13 12 120 1000
14 120 121 0001
57 13 122 1000
14 122 123 0001
14 58 124 0001
14 59 125 0001
16 15 126 1000
17 126 127 0001
60 16 128 1000
17 128 129 0001
17 61 130 0001
17 62 131 0001
19 18 132 1000
20 132 133 0001
63 19 134 1000
20 134 135 0001
20 64 136 0001
20 65 137 0001
22 21 138 1000
23 138 139 0001
66 22 140 1000
23 140 141 0001
23 67 142 0001
23 68 143 0001
25 24 144 1000
26 144 145 0001
69 25 146 1000
26 146 147 0001
26 70 148 0001
26 71 149 0001
28 27 150 1000
29 150 151 0001
72 28 152 1000
29 152 153 0001
29 73 154 0001
29 74 155 0001
31 30 156 1000
32 156 157 0001
75 31 158 1000
32 158 159 0001
32 76 160 0001
32 77 161 0001
34 33 162 1000
35 162 163 0001
78 34 164 1000
35 164 165 0001
35 79 166 0001
35 80 167 0001
37 36 168 1000
38 168 169 0001
81 37 170 1000
38 170 171 0001
38 82 172 0001
38 83 173 0001
40 39 174 1000
41 174 175 0001
84 40 176 1000
41 176 177 0001
41 85 178 0001
41 86 179 0001
43 42 180 1000
44 180 181 0001
87 43 182 1000
44 182 183 0001
44 88 184 0001
44 89 185 0001
46 45 186 1000
47 186 187 0001
90 46 188 1000
47 188 189 0001
47 91 190 0001
47 92 191 0001
97 103 192 0110
109 192 193 0110
193 115 194 0110
194 121 195 0110
195 127 196 0110
196 133 197 0110
197 139 198 0110
198 145 199 0110
199 151 200 0110
200 157 201 0110
201 163 202 0110
202 169 203 0110
203 175 204 0110
204 181 205 0110
205 187 206 0110
99 105 207 0110
111 207 208 0110
208 117 209 0110
209 123 210 0110
210 129 211 0110
211 135 212 0110
212 141 213 0110
213 147 214 0110
214 153 215 0110
215 159 216 0110
216 165 217 0110
217 171 218 0110
218 177 219 0110
219 183 220 0110
220 189 221 1001
221 206 222 0001
99 105 223 0001
117 208 224 0001
111 207 225 0001
224 225 226 1000
223 226 227 1001
123 209 228 0001
227 228 229 0110
129 210 230 0001
229 230 231 0110
135 211 232 0001
231 232 233 0110
141 212 234 0001
233 234 235 1001
147 213 236 0001
235 236 237 0110
153 214 238 0001
237 238 239 0110
159 215 240 0001
239 240 241 0110
165 216 242 0001
241 242 243 0110
171 217 244 0001
243 244 245 0110
177 218 246 0001
245 246 247 0110
183 219 248 0001
247 248 249 0110
189 220 250 0001
249 250 251 0110
222 251 252 0110
97 103 253 0001
115 193 254 0001
109 192 255 0001
254 255 256 1000
253 256 257 1001
121 194 258 0001
257 258 259 0110
127 195 260 0001
259 260 261 0110
133 196 262 0001
261 262 263 0110
139 197 264 0001
263 264 265 1001
145 198 266 0001
265 266 267 0110
151 199 268 0001
267 268 269 0110
157 200 270 0001
269 270 271 0110
163 201 272 0001
271 272 273 0110
169 202 274 0001
273 274 275 0110
175 203 276 0001
275 276 277 0110
181 204 278 0001
277 278 279 0110
187 205 280 0001
279 280 281 0110
281 222 282 1001
252 282 283 0001
222 283 284 0110
237 236 285 0001
239 238 286 0001
285 286 287 1001
241 240 288 0001
287 288 289 0110
232 230 290 1000
228 224 291 1000
290 291 292 0110
228 229 293 0001
224 227 294 0001
293 294 295 1000
232 233 296 0001
230 231 297 0001
296 297 298 1000
295 298 299 0001
235 234 300 0001
299 300 301 0110
292 301 302 0110
289 302 303 0110
243 242 304 0001
303 304 305 1001
245 244 306 0001
305 306 307 1001
247 246 308 0001
307 308 309 0110
249 248 310 0001
309 310 311 1001
251 250 312 0001
311 312 313 0110
284 313 314 0110
267 266 315 0001
269 268 316 0001
315 316 317 1001
271 270 318 0001
317 318 319 0110
262 260 320 1000
258 254 321 1000
320 321 322 0110
258 259 323 0001
254 257 324 0001
323 324 325 1000
262 263 326 0001
260 261 327 0001
326 327 328 1000
325 328 329 0001
265 264 330 0001
329 330 331 0110
322 331 332 0110
319 332 333 0110
273 272 334 0001
333 334 335 1001
275 274 336 0001
335 336 337 1001
277 276 338 0001
337 338 339 0110
279 278 340 0001
339 340 341 1001
281 280 342 0001
341 342 343 1001
343 1199 344 0110
344 284 345 1001
314 345 346 0001
284 346 347 0110
308 309 348 0001
306 307 349 0001
348 349 350 1000
305 304 351 0001
351 1199 352 0110
350 352 353 0001
306 308 354 1000
353 354 355 1001
286 288 356 1000
300 285 357 1000
356 357 358 0001
358 303 359 1000
311 310 360 0001
359 360 361 1000
313 312 362 0001
361 362 363 0110
355 363 364 1001
347 364 365 0110
336 338 366 1000
316 318 367 1000
330 315 368 1000
367 368 369 0001
369 333 370 1000
341 340 371 0001
370 371 372 1000
366 372 373 1001
344 342 374 0001
338 339 375 0001
336 337 376 0001
375 376 377 1000
335 334 378 0001
378 1199 379 0110
377 379 380 0001
374 380 381 0110
373 381 382 1001
382 347 383 1001
365 383 384 0001
347 384 385 0110
382 374 386 0001
385 386 387 1000
364 362 388 0001
388 385 389 0110
387 389 390 1000
385 390 391 0110
391 1199 392 0110
206 221 393 1001
392 393 394 0001
206 394 395 0110
100 106 396 0110
112 396 397 0110
397 118 398 0110
398 124 399 0110
399 130 400 0110
400 136 401 0110
401 142 402 0110
402 148 403 0110
403 154 404 0110
404 160 405 0110
405 166 406 0110
406 172 407 0110
407 178 408 0110
408 184 409 0110
409 190 410 0110
101 107 411 0110
113 411 412 0110
412 119 413 0110
413 125 414 0110
414 131 415 0110
415 137 416 0110
416 143 417 0110
417 149 418 0110
418 155 419 0110
419 161 420 0110
420 167 421 0110
421 173 422 0110
422 179 423 0110
423 185 424 0110
424 191 425 1001
425 410 426 0001
101 107 427 0001
119 412 428 0001
113 411 429 0001
428 429 430 1000
427 430 431 1001
125 413 432 0001
431 432 433 0110
131 414 434 0001
433 434 435 0110
137 415 436 0001
435 436 437 0110
143 416 438 0001
437 438 439 1001
149 417 440 0001
439 440 441 0110
155 418 442 0001
441 442 443 0110
161 419 444 0001
443 444 445 0110
167 420 446 0001
445 446 447 0110
173 421 448 0001
447 448 449 0110
179 422 450 0001
449 450 451 0110
185 423 452 0001
451 452 453 0110
191 424 454 0001
453 454 455 0110
426 455 456 0110
100 106 457 0001
118 397 458 0001
112 396 459 0001
458 459 460 1000
457 460 461 1001
124 398 462 0001
461 462 463 0110
130 399 464 0001
463 464 465 0110
136 400 466 0001
465 466 467 0110
142 401 468 0001
467 468 469 1001
148 402 470 0001
469 470 471 0110
154 403 472 0001
471 472 473 0110
160 404 474 0001
473 474 475 0110
166 405 476 0001
475 476 477 0110
172 406 478 0001
477 478 479 0110
178 407 480 0001
479 480 481 0110
184 408 482 0001
481 482 483 0110
190 409 484 0001
483 484 485 0110
485 426 486 1001
456 486 487 0001
426 487 488 0110
441 440 489 0001
443 442 490 0001
489 490 491 1001
445 444 492 0001
491 492 493 0110
436 434 494 1000
432 428 495 1000
494 495 496 0110
432 433 497 0001
428 431 498 0001
497 498 499 1000
436 437 500 0001
434 435 501 0001
500 501 502 1000
499 502 503 0001
439 438 504 0001
503 504 505 0110
496 505 506 0110
493 506 507 0110
447 446 508 0001
507 508 509 1001
449 448 510 0001
509 510 511 1001
451 450 512 0001
511 512 513 0110
453 452 514 0001
513 514 515 1001
455 454 516 0001
515 516 517 0110
488 517 518 0110
471 470 519 0001
473 472 520 0001
519 520 521 1001
475 474 522 0001
521 522 523 0110
466 464 524 1000
462 458 525 1000
524 525 526 0110
462 463 527 0001
458 461 528 0001
527 528 529 1000
466 467 530 0001
464 465 531 0001
530 531 532 1000
529 532 533 0001
469 468 534 0001
533 534 535 0110
526 535 536 0110
523 536 537 0110
477 476 538 0001
537 538 539 1001
479 478 540 0001
539 540 541 1001
481 480 542 0001
541 542 543 0110
483 482 544 0001
543 544 545 1001
485 484 546 0001
545 546 547 1001
547 1199 548 0110
548 488 549 1001
518 549 550 0001
488 550 551 0110
512 513 552 0001
510 511 553 0001
552 553 554 1000
509 508 555 0001
555 1199 556 0110
554 556 557 0001
510 512 558 1000
557 558 559 1001
490 492 560 1000
504 489 561 1000
560 561 562 0001
562 507 563 1000
515 514 564 0001
563 564 565 1000
517 516 566 0001
565 566 567 0110
559 567 568 1001
551 568 569 0110
540 542 570 1000
520 522 571 1000
534 519 572 1000
571 572 573 0001
573 537 574 1000
545 544 575 0001
574 575 576 1000
570 576 577 1001
548 546 578 0001
542 543 579 0001
540 541 580 0001
579 580 581 1000
539 538 582 0001
582 1199 583 0110
581 583 584 0001
578 584 585 0110
577 585 586 1001
586 551 587 1001
569 587 588 0001
551 588 589 0110
586 578 590 0001
589 590 591 1000
568 566 592 0001
592 589 593 0110
591 593 594 1000
589 594 595 1001
410 425 596 1001
595 596 597 0001
410 597 598 1001
598 395 599 0001
485 455 600 0110
595 600 601 0001
485 601 602 0110
599 602 603 0110
281 251 604 0110
392 604 605 0001
281 605 606 0110
606 599 607 1001
603 607 608 0001
599 608 609 0110
547 517 610 1001
595 610 611 0001
547 611 612 1001
609 612 613 0110
343 313 614 1001
392 614 615 0001
343 615 616 1001
616 609 617 1001
613 617 618 0001
609 618 619 0110
568 586 620 0001
620 619 621 0110
364 382 622 0001
619 622 623 1001
621 623 624 0001
619 624 625 1001
386 388 626 1000
626 625 627 0001
590 592 628 1000
625 628 629 0110
627 629 630 1000
625 630 631 0110
395 598 632 1001
631 632 633 0001
395 633 634 1001
8 1199 635 0110
52 635 636 0001
2 1199 637 0110
94 637 638 0001
5 1199 639 0110
49 639 640 0001
638 640 641 0110
636 641 642 0110
11 1199 643 0110
55 643 644 0001
642 644 645 0110
14 1199 646 0110
58 646 647 0001
645 647 648 0110
17 1199 649 0110
61 649 650 0001
648 650 651 0110
20 1199 652 0110
64 652 653 0001
651 653 654 0110
23 1199 655 0110
67 655 656 0001
654 656 657 0110
26 1199 658 0110
70 658 659 0001
657 659 660 0110
29 1199 661 0110
73 661 662 0001
660 662 663 0110
32 1199 664 0110
76 664 665 0001
663 665 666 0110
35 1199 667 0110
79 667 668 0001
666 668 669 0110
38 1199 670 0110
82 670 671 0001
669 671 672 0110
41 1199 673 0110
85 673 674 0001
672 674 675 0110
44 1199 676 0110
88 676 677 0001
675 677 678 0110
47 1199 679 0110
91 679 680 0001
678 680 681 0110
53 635 682 0001
95 637 683 0001
50 639 684 0001
683 684 685 0110
682 685 686 0110
56 643 687 0001
686 687 688 0110
59 646 689 0001
688 689 690 0110
62 649 691 0001
690 691 692 0110
65 652 693 0001
692 693 694 0110
68 655 695 0001
694 695 696 0110
71 658 697 0001
696 697 698 0110
74 661 699 0001
698 699 700 0110
77 664 701 0001
700 701 702 0110
80 667 703 0001
702 703 704 0110
83 670 705 0001
704 705 706 0110
86 673 707 0001
706 707 708 0110
89 676 709 0001
708 709 710 0110
92 679 711 0001
710 711 712 1001
712 681 713 0001
683 684 714 0001
687 686 715 0001
682 685 716 0001
715 716 717 1000
714 717 718 1001
689 688 719 0001
718 719 720 0110
691 690 721 0001
720 721 722 0110
693 692 723 0001
722 723 724 0110
695 694 725 0001
724 725 726 1001
697 696 727 0001
726 727 728 0110
699 698 729 0001
728 729 730 0110
701 700 731 0001
730 731 732 0110
703 702 733 0001
732 733 734 0110
705 704 735 0001
734 735 736 0110
707 706 737 0001
736 737 738 0110
709 708 739 0001
738 739 740 0110
711 710 741 0001
740 741 742 0110
713 742 743 0110
638 640 744 0001
644 642 745 0001
636 641 746 0001
745 746 747 1000
744 747 748 1001
647 645 749 0001
748 749 750 0110
650 648 751 0001
750 751 752 0110
653 651 753 0001
752 753 754 0110
656 654 755 0001
754 755 756 1001
659 657 757 0001
756 757 758 0110
662 660 759 0001
758 759 760 0110
665 663 761 0001
760 761 762 0110
668 666 763 0001
762 763 764 0110
671 669 765 0001
764 765 766 0110
674 672 767 0001
766 767 768 0110
677 675 769 0001
768 769 770 0110
680 678 771 0001
770 771 772 0110
772 713 773 1001
743 773 774 0001
713 774 775 0110
728 727 776 0001
730 729 777 0001
776 777 778 1001
732 731 779 0001
778 779 780 0110
723 721 781 1000
719 715 782 1000
781 782 783 0110
719 720 784 0001
715 718 785 0001
784 785 786 1000
723 724 787 0001
721 722 788 0001
787 788 789 1000
786 789 790 0001
726 725 791 0001
790 791 792 0110
783 792 793 0110
780 793 794 0110
734 733 795 0001
794 795 796 1001
736 735 797 0001
796 797 798 1001
738 737 799 0001
798 799 800 0110
740 739 801 0001
800 801 802 1001
742 741 803 0001
802 803 804 0110
775 804 805 0110
758 757 806 0001
760 759 807 0001
806 807 808 1001
762 761 809 0001
808 809 810 0110
753 751 811 1000
749 745 812 1000
811 812 813 0110
749 750 814 0001
745 748 815 0001
814 815 816 1000
753 754 817 0001
751 752 818 0001
817 818 819 1000
816 819 820 0001
756 755 821 0001
820 821 822 0110
813 822 823 0110
810 823 824 0110
764 763 825 0001
824 825 826 1001
766 765 827 0001
826 827 828 1001
768 767 829 0001
828 829 830 0110
770 769 831 0001
830 831 832 1001
772 771 833 0001
832 833 834 1001
834 1199 835 0110
835 775 836 1001
805 836 837 0001
775 837 838 0110
799 800 839 0001
797 798 840 0001
839 840 841 1000
796 795 842 0001
842 1199 843 0110
841 843 844 0001
797 799 845 1000
844 845 846 1001
777 779 847 1000
791 776 848 1000
847 848 849 0001
849 794 850 1000
802 801 851 0001
850 851 852 1000
804 803 853 0001
852 853 854 0110
846 854 855 1001
838 855 856 0110
827 829 857 1000
807 809 858 1000
821 806 859 1000
858 859 860 0001
860 824 861 1000
832 831 862 0001
861 862 863 1000
857 863 864 1001
835 833 865 0001
829 830 866 0001
827 828 867 0001
866 867 868 1000
826 825 869 0001
869 1199 870 0110
868 870 871 0001
865 871 872 0110
864 872 873 1001
873 838 874 1001
856 874 875 0001
838 875 876 0110
873 865 877 0001
876 877 878 1000
855 853 879 0001
879 876 880 0110
878 880 881 1000
876 881 882 1001
681 712 883 1001
882 883 884 0001
681 884 885 0110
108 635 886 0001
96 637 887 0001
102 639 888 0001
887 888 889 0110
886 889 890 0110
114 643 891 0001
890 891 892 0110
120 646 893 0001
892 893 894 0110
126 649 895 0001
894 895 896 0110
132 652 897 0001
896 897 898 0110
138 655 899 0001
898 899 900 0110
144 658 901 0001
900 901 902 0110
150 661 903 0001
902 903 904 0110
156 664 905 0001
904 905 906 0110
162 667 907 0001
906 907 908 0110
168 670 909 0001
908 909 910 0110
174 673 911 0001
910 911 912 0110
180 676 913 0001
912 913 914 0110
186 679 915 0001
914 915 916 0110
110 635 917 0001
98 637 918 0001
104 639 919 0001
918 919 920 0110
917 920 921 0110
116 643 922 0001
921 922 923 0110
122 646 924 0001
923 924 925 0110
128 649 926 0001
925 926 927 0110
134 652 928 0001
927 928 929 0110
140 655 930 0001
929 930 931 0110
146 658 932 0001
931 932 933 0110
152 661 934 0001
933 934 935 0110
158 664 936 0001
935 936 937 0110
164 667 938 0001
937 938 939 0110
170 670 940 0001
939 940 941 0110
176 673 942 0001
941 942 943 0110
182 676 944 0001
943 944 945 0110
188 679 946 0001
945 946 947 1001
947 916 948 0001
918 919 949 0001
922 921 950 0001
917 920 951 0001
950 951 952 1000
949 952 953 1001
924 923 954 0001
953 954 955 0110
926 925 956 0001
955 956 957 0110
928 927 958 0001
957 958 959 0110
930 929 960 0001
959 960 961 1001
932 931 962 0001
961 962 963 0110
934 933 964 0001
963 964 965 0110
936 935 966 0001
965 966 967 0110
938 937 968 0001
967 968 969 0110
940 939 970 0001
969 970 971 0110
942 941 972 0001
971 972 973 0110
944 943 974 0001
973 974 975 0110
946 945 976 0001
975 976 977 0110
948 977 978 0110
887 888 979 0001
891 890 980 0001
886 889 981 0001
980 981 982 1000
979 982 983 1001
893 892 984 0001
983 984 985 0110
895 894 986 0001
985 986 987 0110
897 896 988 0001
987 988 989 0110
899 898 990 0001
989 990 991 1001
901 900 992 0001
991 992 993 0110
903 902 994 0001
993 994 995 0110
905 904 996 0001
995 996 997 0110
907 906 998 0001
997 998 999 0110
909 908 1000 0001
999 1000 1001 0110
911 910 1002 0001
1001 1002 1003 0110
913 912 1004 0001
1003 1004 1005 0110
915 914 1006 0001
1005 1006 1007 0110
1007 948 1008 1001
978 1008 1009 0001
948 1009 1010 0110
963 962 1011 0001
965 964 1012 0001
1011 1012 1013 1001
967 966 1014 0001
1013 1014 1015 0110
958 956 1016 1000
954 950 1017 1000
1016 1017 1018 0110
954 955 1019 0001
950 953 1020 0001
1019 1020 1021 1000
958 959 1022 0001
956 957 1023 0001
1022 1023 1024 1000
1021 1024 1025 0001
961 960 1026 0001
1025 1026 1027 0110
1018 1027 1028 0110
1015 1028 1029 0110
969 968 1030 0001
1029 1030 1031 1001
971 970 1032 0001
1031 1032 1033 1001
973 972 1034 0001
1033 1034 1035 0110
975 974 1036 0001
1035 1036 1037 1001
977 976 1038 0001
1037 1038 1039 0110
1010 1039 1040 0110
993 992 1041 0001
995 994 1042 0001
1041 1042 1043 1001
997 996 1044 0001
1043 1044 1045 0110
988 986 1046 1000
984 980 1047 1000
1046 1047 1048 0110
984 985 1049 0001
980 983 1050 0001
1049 1050 1051 1000
988 989 1052 0001
986 987 1053 0001
1052 1053 1054 1000
1051 1054 1055 0001
991 990 1056 0001
1055 1056 1057 0110
1048 1057 1058 0110
1045 1058 1059 0110
999 998 1060 0001
1059 1060 1061 1001
1001 1000 1062 0001
1061 1062 1063 1001
1003 1002 1064 0001
1063 1064 1065 0110
1005 1004 1066 0001
1065 1066 1067 1001
1007 1006 1068 0001
1067 1068 1069 0110
1010 1069 1070 1001
1040 1070 1071 0001
1010 1071 1072 0110
1034 1035 1073 0001
1032 1033 1074 0001
1073 1074 1075 1000
1031 1030 1076 0001
1076 1199 1077 0110
1075 1077 1078 0001
1032 1034 1079 1000
1078 1079 1080 1001
1012 1014 1081 1000
1026 1011 1082 1000
1081 1082 1083 0001
1083 1029 1084 1000
1037 1036 1085 0001
1084 1085 1086 1000
1039 1038 1087 0001
1086 1087 1088 0110
1080 1088 1089 1001
1072 1089 1090 0110
1062 1064 1091 1000
1042 1044 1092 1000
1056 1041 1093 1000
1092 1093 1094 0001
1094 1059 1095 1000
1067 1066 1096 0001
1095 1096 1097 1000
1091 1097 1098 1001
1069 1068 1099 0001
1064 1065 1100 0001
1062 1063 1101 0001
1100 1101 1102 1000
1061 1060 1103 0001
1103 1199 1104 0110
1102 1104 1105 0001
1099 1105 1106 0110
1098 1106 1107 1001
1072 1107 1108 1001
1090 1108 1109 0001
1072 1109 1110 0110
1107 1099 1111 0001
1110 1111 1112 1000
916 947 1113 1001
1112 1113 1114 0001
916 1114 1115 0110
1115 1199 1116 0110
885 1116 1117 1000
772 742 1118 0110
882 1118 1119 0001
772 1119 1120 0110
1117 1120 1121 0110
1007 977 1122 0110
1112 1122 1123 0001
1007 1123 1124 0110
1124 1117 1125 1001
1121 1125 1126 0001
1117 1126 1127 0110
834 804 1128 1001
882 1128 1129 0001
834 1129 1130 1001
1127 1130 1131 0110
1069 1039 1132 0110
1112 1132 1133 0001
1069 1133 1134 0110
1134 1127 1135 1001
1131 1135 1136 0001
1127 1136 1137 0110
855 873 1138 0001
1138 1137 1139 0110
1089 1107 1140 0001
1137 1140 1141 1001
1139 1141 1142 0001
1137 1142 1143 1001
1089 1087 1144 0001
1111 1144 1145 1000
1145 1143 1146 0001
877 879 1147 1000
1143 1147 1148 0110
1146 1148 1149 1000
1143 1149 1150 0110
1116 885 1151 1001
1150 1151 1152 0001
1152 1115 1153 0110
634 1153 1154 0001
606 602 1155 0110
631 1155 1156 0001
1154 1156 1157 0110
606 1157 1158 0110
1124 1120 1159 0110
1150 1159 1160 0001
1154 1160 1161 0110
1124 1161 1162 1001
1158 1162 1163 0001
1154 1163 1164 0110
616 612 1165 0110
631 1165 1166 0001
1166 616 1167 0110
1164 1167 1168 0110
1134 1130 1169 0110
1150 1169 1170 0001
1134 1170 1171 1001
1171 1164 1172 0110
1168 1172 1173 0001
1164 1173 1174 0110
620 622 1175 0001
1175 1174 1176 0110
1138 1140 1177 0001
1174 1177 1178 1001
1176 1178 1179 0001
1174 1179 1180 1001
1147 1145 1181 0001
1181 1180 1182 0001
628 626 1183 0001
1180 1183 1184 0110
1182 1184 1185 1000
1180 1185 1186 0110
1150 631 1187 0110
1186 1187 1188 0001
1150 1188 1189 0110
392 595 1190 0110
1189 1190 1191 0001
391 1191 1192 1001
882 1112 1193 0110
1189 1193 1194 0001
1112 1194 1195 1001
1192 1195 1196 1001
1186 1196 1197 0001
1197 1195 1198 1001
