# first row is comment
504 16 536
P0 2
0
1
P1 2
2
3
P2 2
4
5
P3 2
6
7
P4 2
8
9
P5 2
10
11
P6 2
12
13
P7 2
14
15
P8 2
16
17
P9 2
18
19
P10 2
20
21
P11 2
22
23
P12 2
24
25
P13 2
26
27
P14 2
28
29
P15 2
30
31
Out 2
534
531
# list of gates
0 0 535 1001
5 535 32 0110
4 32 33 0001
1 535 34 0110
0 34 35 0001
3 535 36 0110
2 36 37 0001
35 37 38 0110
33 38 39 0110
7 535 40 0110
6 40 41 0001
39 41 42 0110
9 535 43 0110
8 43 44 0001
42 44 45 0110
11 535 46 0110
10 46 47 0001
45 47 48 0110
13 535 49 0110
12 49 50 0001
48 50 51 0110
15 535 52 0110
14 52 53 0001
51 53 54 0110
17 535 55 0110
16 55 56 0001
54 56 57 0110
19 535 58 0110
18 58 59 0001
57 59 60 0110
21 535 61 0110
20 61 62 0001
60 62 63 0110
23 535 64 0110
22 64 65 0001
63 65 66 0110
25 535 67 0110
24 67 68 0001
66 68 69 0110
27 535 70 0110
26 70 71 0001
69 71 72 0110
29 535 73 0110
28 73 74 0001
72 74 75 0110
31 535 76 0110
30 76 77 0001
75 77 78 1001
5 4 79 1000
1 0 80 1000
3 2 81 1000
80 81 82 0110
79 82 83 0110
7 6 84 1000
83 84 85 0110
9 8 86 1000
85 86 87 0110
11 10 88 1000
87 88 89 0110
13 12 90 1000
89 90 91 0110
15 14 92 1000
91 92 93 0110
17 16 94 1000
93 94 95 0110
19 18 96 1000
95 96 97 0110
21 20 98 1000
97 98 99 0110
23 22 100 1000
99 100 101 0110
25 24 102 1000
101 102 103 0110
27 26 104 1000
103 104 105 0110
29 28 106 1000
105 106 107 0110
31 30 108 1000
107 108 109 0110
78 109 110 0001
35 37 111 0001
41 39 112 0001
33 38 113 0001
112 113 114 1000
111 114 115 1001
44 42 116 0001
115 116 117 0110
47 45 118 0001
117 118 119 0110
50 48 120 0001
119 120 121 0110
53 51 122 0001
121 122 123 1001
56 54 124 0001
123 124 125 0110
59 57 126 0001
125 126 127 0110
62 60 128 0001
127 128 129 0110
65 63 130 0001
129 130 131 0110
68 66 132 0001
131 132 133 0110
71 69 134 0001
133 134 135 0110
74 72 136 0001
135 136 137 0110
77 75 138 0001
137 138 139 0110
110 139 140 0110
80 81 141 0001
84 83 142 0001
79 82 143 0001
142 143 144 1000
141 144 145 1001
86 85 146 0001
145 146 147 0110
88 87 148 0001
147 148 149 0110
90 89 150 0001
149 150 151 0110
92 91 152 0001
151 152 153 1001
94 93 154 0001
153 154 155 0110
96 95 156 0001
155 156 157 0110
98 97 158 0001
157 158 159 0110
100 99 160 0001
159 160 161 0110
102 101 162 0001
161 162 163 0110
104 103 164 0001
163 164 165 0110
106 105 166 0001
165 166 167 0110
108 107 168 0001
167 168 169 0110
169 110 170 1001
140 170 171 0001
110 171 172 0110
125 124 173 0001
127 126 174 0001
173 174 175 1001
129 128 176 0001
175 176 177 0110
120 118 178 1000
116 112 179 1000
178 179 180 0110
116 117 181 0001
112 115 182 0001
181 182 183 1000
120 121 184 0001
118 119 185 0001
184 185 186 1000
183 186 187 0001
123 122 188 0001
187 188 189 0110
180 189 190 0110
177 190 191 0110
131 130 192 0001
191 192 193 1001
133 132 194 0001
193 194 195 1001
135 134 196 0001
195 196 197 0110
137 136 198 0001
197 198 199 1001
139 138 200 0001
199 200 201 0110
172 201 202 0110
155 154 203 0001
157 156 204 0001
203 204 205 1001
159 158 206 0001
205 206 207 0110
150 148 208 1000
146 142 209 1000
208 209 210 0110
146 147 211 0001
142 145 212 0001
211 212 213 1000
150 151 214 0001
148 149 215 0001
214 215 216 1000
213 216 217 0001
153 152 218 0001
217 218 219 0110
210 219 220 0110
207 220 221 0110
161 160 222 0001
221 222 223 1001
163 162 224 0001
223 224 225 1001
165 164 226 0001
225 226 227 0110
167 166 228 0001
227 228 229 1001
169 168 230 0001
229 230 231 1001
231 535 232 0110
232 172 233 1001
202 233 234 0001
172 234 235 0110
201 200 236 0001
196 197 237 0001
194 195 238 0001
237 238 239 1000
193 192 240 0001
240 535 241 0110
239 241 242 0001
194 196 243 1000
242 243 244 1001
174 176 245 1000
188 173 246 1000
245 246 247 0001
247 191 248 1000
199 198 249 0001
248 249 250 1000
244 250 251 0110
236 251 252 1000
252 235 253 0110
232 230 254 0001
226 227 255 0001
224 225 256 0001
255 256 257 1000
223 222 258 0001
258 535 259 0110
257 259 260 0001
224 226 261 1000
260 261 262 1001
204 206 263 1000
218 203 264 1000
263 264 265 0001
265 221 266 1000
229 228 267 0001
266 267 268 1000
262 268 269 0110
254 269 270 1000
235 270 271 1001
253 271 272 0001
235 272 273 1001
32 4 274 1000
34 0 275 1000
36 2 276 1000
275 276 277 0110
274 277 278 0110
40 6 279 1000
278 279 280 0110
43 8 281 1000
280 281 282 0110
46 10 283 1000
282 283 284 0110
49 12 285 1000
284 285 286 0110
52 14 287 1000
286 287 288 0110
55 16 289 1000
288 289 290 0110
58 18 291 1000
290 291 292 0110
61 20 293 1000
292 293 294 0110
64 22 295 1000
294 295 296 0110
67 24 297 1000
296 297 298 0110
70 26 299 1000
298 299 300 0110
73 28 301 1000
300 301 302 0110
76 30 303 1000
302 303 304 0110
5 4 305 0001
1 0 306 0001
3 2 307 0001
306 307 308 0110
305 308 309 0110
7 6 310 0001
309 310 311 0110
9 8 312 0001
311 312 313 0110
11 10 314 0001
313 314 315 0110
13 12 316 0001
315 316 317 0110
15 14 318 0001
317 318 319 0110
17 16 320 0001
319 320 321 0110
19 18 322 0001
321 322 323 0110
21 20 324 0001
323 324 325 0110
23 22 326 0001
325 326 327 0110
25 24 328 0001
327 328 329 0110
27 26 330 0001
329 330 331 0110
29 28 332 0001
331 332 333 0110
31 30 334 0001
333 334 335 1001
335 304 336 0001
306 307 337 0001
310 309 338 0001
305 308 339 0001
338 339 340 1000
337 340 341 1001
312 311 342 0001
341 342 343 0110
314 313 344 0001
343 344 345 0110
316 315 346 0001
345 346 347 0110
318 317 348 0001
347 348 349 1001
320 319 350 0001
349 350 351 0110
322 321 352 0001
351 352 353 0110
324 323 354 0001
353 354 355 0110
326 325 356 0001
355 356 357 0110
328 327 358 0001
357 358 359 0110
330 329 360 0001
359 360 361 0110
332 331 362 0001
361 362 363 0110
334 333 364 0001
363 364 365 0110
336 365 366 0110
275 276 367 0001
279 278 368 0001
274 277 369 0001
368 369 370 1000
367 370 371 1001
281 280 372 0001
371 372 373 0110
283 282 374 0001
373 374 375 0110
285 284 376 0001
375 376 377 0110
287 286 378 0001
377 378 379 1001
289 288 380 0001
379 380 381 0110
291 290 382 0001
381 382 383 0110
293 292 384 0001
383 384 385 0110
295 294 386 0001
385 386 387 0110
297 296 388 0001
387 388 389 0110
299 298 390 0001
389 390 391 0110
301 300 392 0001
391 392 393 0110
303 302 394 0001
393 394 395 0110
395 336 396 1001
366 396 397 0001
336 397 398 0110
351 350 399 0001
353 352 400 0001
399 400 401 1001
355 354 402 0001
401 402 403 0110
346 344 404 1000
342 338 405 1000
404 405 406 0110
342 343 407 0001
338 341 408 0001
407 408 409 1000
346 347 410 0001
344 345 411 0001
410 411 412 1000
409 412 413 0001
349 348 414 0001
413 414 415 0110
406 415 416 0110
403 416 417 0110
357 356 418 0001
417 418 419 1001
359 358 420 0001
419 420 421 1001
361 360 422 0001
421 422 423 0110
363 362 424 0001
423 424 425 1001
365 364 426 0001
425 426 427 0110
398 427 428 0110
381 380 429 0001
383 382 430 0001
429 430 431 1001
385 384 432 0001
431 432 433 0110
376 374 434 1000
372 368 435 1000
434 435 436 0110
372 373 437 0001
368 371 438 0001
437 438 439 1000
376 377 440 0001
374 375 441 0001
440 441 442 1000
439 442 443 0001
379 378 444 0001
443 444 445 0110
436 445 446 0110
433 446 447 0110
387 386 448 0001
447 448 449 1001
389 388 450 0001
449 450 451 1001
391 390 452 0001
451 452 453 0110
393 392 454 0001
453 454 455 1001
395 394 456 0001
455 456 457 0110
457 398 458 1001
428 458 459 0001
398 459 460 0110
427 426 461 0001
422 423 462 0001
420 421 463 0001
462 463 464 1000
419 418 465 0001
465 535 466 0110
464 466 467 0001
420 422 468 1000
467 468 469 1001
400 402 470 1000
414 399 471 1000
470 471 472 0001
472 417 473 1000
425 424 474 0001
473 474 475 1000
469 475 476 0110
461 476 477 1000
477 460 478 0110
457 456 479 0001
452 453 480 0001
450 451 481 0001
480 481 482 1000
449 448 483 0001
483 535 484 0110
482 484 485 0001
450 452 486 1000
485 486 487 1001
430 432 488 1000
444 429 489 1000
488 489 490 0001
490 447 491 1000
455 454 492 0001
491 492 493 1000
487 493 494 0110
479 494 495 1000
460 495 496 1001
478 496 497 0001
460 497 498 1001
304 335 499 1001
498 499 500 0001
304 500 501 1001
109 78 502 1001
273 502 503 0001
503 109 504 0110
501 504 505 0001
395 365 506 0110
498 506 507 0001
505 507 508 0110
395 508 509 0110
169 139 510 0110
273 510 511 0001
505 511 512 0110
169 512 513 1001
509 513 514 0001
505 514 515 0110
457 427 516 0110
498 516 517 0001
517 457 518 0110
515 518 519 0110
231 201 520 1001
273 520 521 0001
232 521 522 1001
522 515 523 0110
519 523 524 0001
515 524 525 0110
477 495 526 0001
526 525 527 0110
252 270 528 0001
525 528 529 1001
527 529 530 0001
525 530 531 1001
273 498 532 0110
531 532 533 0001
273 533 534 0110
