# first row is comment
194 16 210
P0 1
0
P1 1
1
P2 1
2
P3 1
3
P4 1
4
P5 1
5
P6 1
6
P7 1
7
P8 1
8
P9 1
9
P10 1
10
P11 1
11
P12 1
12
P13 1
13
P14 1
14
P15 1
15
Out 1
208
# list of gates
0 0 209 1001
0 1 16 0110
2 16 17 1001
17 3 18 1001
18 4 19 0110
19 5 20 0110
20 6 21 0110
21 7 22 0110
22 8 23 0110
23 9 24 0110
24 10 25 0110
25 11 26 0110
26 12 27 0110
27 13 28 0110
28 14 29 0110
15 209 30 0110
29 30 31 0001
2 209 32 0110
0 1 33 1001
32 33 34 1001
3 209 35 0110
34 35 36 0110
4 209 37 0110
36 37 38 1001
38 5 39 0110
6 209 40 0110
39 40 41 1001
41 7 42 0110
8 209 43 0110
42 43 44 1001
44 9 45 0110
10 209 46 0110
45 46 47 1001
47 11 48 0110
12 209 49 0110
48 49 50 1001
50 13 51 0110
14 209 52 0110
51 52 53 0110
31 53 54 0001
1 0 55 1000
17 35 56 0001
16 32 57 0001
56 57 58 1000
55 58 59 1001
18 37 60 0001
59 60 61 0110
19 5 62 1000
61 62 63 0110
20 40 64 0001
63 64 65 0110
21 7 66 1000
65 66 67 1001
22 43 68 0001
67 68 69 0110
23 9 70 1000
69 70 71 0110
24 46 72 0001
71 72 73 0110
25 11 74 1000
73 74 75 0110
26 49 76 0001
75 76 77 0110
27 13 78 1000
77 78 79 0110
28 52 80 0001
79 80 81 0110
81 29 82 0001
0 1 83 0001
35 34 84 1000
32 33 85 1000
84 85 86 1000
83 86 87 1001
4 36 88 0001
87 88 89 0110
5 38 90 0001
89 90 91 0110
6 39 92 0001
91 92 93 0110
7 41 94 0001
93 94 95 1001
8 42 96 0001
95 96 97 0110
9 44 98 0001
97 98 99 0110
10 45 100 0001
99 100 101 0110
11 47 102 0001
101 102 103 0110
12 48 104 0001
103 104 105 0110
13 50 106 0001
105 106 107 0110
14 51 108 0001
107 108 109 0110
30 53 110 1000
109 110 111 1000
82 111 112 1000
54 112 113 1000
97 96 114 0001
99 98 115 0001
114 115 116 1001
101 100 117 0001
116 117 118 0110
92 90 119 1000
88 84 120 1000
119 120 121 0110
88 89 122 0001
84 87 123 0001
122 123 124 1000
92 93 125 0001
90 91 126 0001
125 126 127 1000
124 127 128 0001
95 94 129 0001
128 129 130 0110
121 130 131 0110
118 131 132 0110
103 102 133 0001
132 133 134 1001
105 104 135 0001
134 135 136 1001
107 106 137 0001
136 137 138 0110
109 108 139 0001
138 139 140 1001
140 110 141 0110
141 113 142 1001
69 68 143 0001
71 70 144 0001
143 144 145 1001
73 72 146 0001
145 146 147 0110
64 62 148 1000
60 56 149 1000
148 149 150 0110
60 61 151 0001
56 59 152 0001
151 152 153 1000
64 65 154 0001
62 63 155 0001
154 155 156 1000
153 156 157 0001
67 66 158 0001
157 158 159 0110
150 159 160 0110
147 160 161 0110
75 74 162 0001
161 162 163 1001
77 76 164 0001
163 164 165 1001
79 78 166 0001
165 166 167 0110
81 80 168 0001
167 168 169 1001
113 169 170 0110
142 170 171 0001
113 171 172 0110
141 110 173 0001
137 138 174 0001
135 136 175 0001
174 175 176 1000
134 133 177 0001
177 209 178 0110
176 178 179 0001
115 117 180 1000
129 114 181 1000
180 181 182 0001
182 132 183 1000
140 139 184 0001
183 184 185 1000
135 137 186 1000
185 186 187 0001
179 187 188 0110
173 188 189 1000
172 189 190 1001
166 167 191 0001
164 165 192 0001
191 192 193 1000
163 162 194 0001
194 209 195 0110
193 195 196 0001
164 166 197 1000
196 197 198 0110
144 146 199 1000
158 143 200 1000
199 200 201 0001
201 161 202 1000
169 168 203 0001
202 203 204 1000
204 172 205 0110
198 205 206 0110
190 206 207 0001
207 172 208 0110
