# first row is comment
215 8 231
P0 2
0
1
P1 2
2
3
P2 2
4
5
P3 2
6
7
P4 2
8
9
P5 2
10
11
P6 2
12
13
P7 2
14
15
Out 2
229
226
# list of gates
0 0 230 1001
1 230 16 0110
0 16 17 0001
3 230 18 0110
2 18 19 0001
17 19 20 0001
7 230 21 0110
6 21 22 0001
5 230 23 0110
4 23 24 0001
17 19 25 0110
24 25 26 0110
22 26 27 0001
24 25 28 0001
27 28 29 1000
20 29 30 1001
9 230 31 0110
8 31 32 0001
26 22 33 0110
32 33 34 0001
30 34 35 0110
11 230 36 0110
10 36 37 0001
33 32 38 0110
37 38 39 0001
35 39 40 0110
13 230 41 0110
12 41 42 0001
38 37 43 0110
42 43 44 0001
40 44 45 0110
15 230 46 0110
14 46 47 0001
43 42 48 0110
47 48 49 0001
45 49 50 1001
48 47 51 1001
50 51 52 1000
50 49 53 0001
44 39 54 1000
34 27 55 1000
54 55 56 1001
34 35 57 0001
27 30 58 0001
57 58 59 1000
44 45 60 0001
39 40 61 0001
60 61 62 1000
59 62 63 0001
56 63 64 0110
53 64 65 1000
1 0 66 1000
3 2 67 1000
66 67 68 0001
7 6 69 1000
5 4 70 1000
66 67 71 0110
70 71 72 0110
69 72 73 0001
70 71 74 0001
73 74 75 1000
68 75 76 1001
9 8 77 1000
72 69 78 0110
77 78 79 0001
76 79 80 0110
11 10 81 1000
78 77 82 0110
81 82 83 0001
80 83 84 0110
13 12 85 1000
82 81 86 0110
85 86 87 0001
84 87 88 0110
15 14 89 1000
86 85 90 0110
89 90 91 0001
88 91 92 1001
92 91 93 0001
87 83 94 1000
79 73 95 1000
94 95 96 1001
79 80 97 0001
73 76 98 0001
97 98 99 1000
87 88 100 0001
83 84 101 0001
100 101 102 1000
99 102 103 0001
96 103 104 0110
93 104 105 1000
65 105 106 0110
52 106 107 0001
65 107 108 0110
52 108 109 0110
23 4 110 1000
16 0 111 1000
18 2 112 1000
111 112 113 0110
110 113 114 0110
21 6 115 1000
114 115 116 0110
31 8 117 1000
116 117 118 0110
36 10 119 1000
118 119 120 0110
41 12 121 1000
120 121 122 0110
46 14 123 1000
122 123 124 0110
1 0 125 0001
3 2 126 0001
125 126 127 0001
7 6 128 0001
5 4 129 0001
125 126 130 0110
129 130 131 0110
128 131 132 0001
129 130 133 0001
132 133 134 1000
127 134 135 1001
9 8 136 0001
131 128 137 0110
136 137 138 0001
135 138 139 0110
11 10 140 0001
137 136 141 0110
140 141 142 0001
139 142 143 0110
13 12 144 0001
141 140 145 0110
144 145 146 0001
143 146 147 0110
15 14 148 0001
145 144 149 0110
148 149 150 0001
147 150 151 1001
149 148 152 0110
124 230 153 0110
152 153 154 1000
111 112 155 0001
115 114 156 0001
110 113 157 0001
156 157 158 1000
155 158 159 1001
117 116 160 0001
159 160 161 0110
119 118 162 0001
161 162 163 0110
121 120 164 0001
163 164 165 0110
123 122 166 0001
165 166 167 1001
151 167 168 0110
154 168 169 0001
151 169 170 0110
170 154 171 1001
151 150 172 0001
146 142 173 1000
138 132 174 1000
173 174 175 1001
138 139 176 0001
132 135 177 0001
176 177 178 1000
146 147 179 0001
142 143 180 0001
179 180 181 1000
178 181 182 0001
175 182 183 0110
172 183 184 1000
167 166 185 0001
164 162 186 1000
160 156 187 1000
186 187 188 1001
160 161 189 0001
156 159 190 0001
189 190 191 1000
164 165 192 0001
162 163 193 0001
192 193 194 1000
191 194 195 0001
188 195 196 0110
185 196 197 1000
184 197 198 0110
171 198 199 0001
184 199 200 0110
171 200 201 1001
153 152 202 1001
201 202 203 0001
124 203 204 1001
109 230 205 0110
90 89 206 0110
51 206 207 1001
205 207 208 0001
208 206 209 0110
204 209 210 0001
167 151 211 0110
201 211 212 0001
210 212 213 0110
167 213 214 0110
92 50 215 0110
205 215 216 0001
210 216 217 0110
92 217 218 1001
214 218 219 0001
210 219 220 0110
184 197 221 0001
221 220 222 0110
65 105 223 0001
220 223 224 1001
222 224 225 0001
220 225 226 1001
205 201 227 0110
226 227 228 0001
109 228 229 1001
