# first row is comment
1683 8 1939
P0 32
0
1
2
3
4
5
6
7
8
9
10
11
12
13
14
15
16
17
18
19
20
21
22
23
24
25
26
27
28
29
30
31
P1 32
32
33
34
35
36
37
38
39
40
41
42
43
44
45
46
47
48
49
50
51
52
53
54
55
56
57
58
59
60
61
62
63
P2 32
64
65
66
67
68
69
70
71
72
73
74
75
76
77
78
79
80
81
82
83
84
85
86
87
88
89
90
91
92
93
94
95
P3 32
96
97
98
99
100
101
102
103
104
105
106
107
108
109
110
111
112
113
114
115
116
117
118
119
120
121
122
123
124
125
126
127
P4 32
128
129
130
131
132
133
134
135
136
137
138
139
140
141
142
143
144
145
146
147
148
149
150
151
152
153
154
155
156
157
158
159
P5 32
160
161
162
163
164
165
166
167
168
169
170
171
172
173
174
175
176
177
178
179
180
181
182
183
184
185
186
187
188
189
190
191
P6 32
192
193
194
195
196
197
198
199
200
201
202
203
204
205
206
207
208
209
210
211
212
213
214
215
216
217
218
219
220
221
222
223
P7 32
224
225
226
227
228
229
230
231
232
233
234
235
236
237
238
239
240
241
242
243
244
245
246
247
248
249
250
251
252
253
254
255
Out 35
1937
1928
1829
1850
1847
1844
1841
1838
1835
1832
1925
1922
1919
1916
1913
1910
1907
1904
1901
1898
1895
1892
1889
1886
1883
1880
1877
1874
1871
1868
1865
1862
1859
1856
1853
# list of gates
0 0 1938 1001
128 1938 256 0110
256 160 257 1000
257 1938 258 0110
161 258 259 0110
129 1938 260 0110
260 258 261 0110
259 261 262 0001
258 262 263 0110
263 162 264 0110
130 1938 265 0110
265 263 266 0110
264 266 267 0001
263 267 268 0110
268 163 269 0110
131 1938 270 0110
270 268 271 0110
269 271 272 0001
268 272 273 0110
273 164 274 0110
132 1938 275 0110
275 273 276 0110
274 276 277 0001
273 277 278 0110
278 165 279 0110
133 1938 280 0110
280 278 281 0110
279 281 282 0001
278 282 283 0110
283 166 284 0110
134 1938 285 0110
285 283 286 0110
284 286 287 0001
283 287 288 0110
288 167 289 0110
135 1938 290 0110
290 288 291 0110
289 291 292 0001
288 292 293 0110
293 168 294 0110
136 1938 295 0110
295 293 296 0110
294 296 297 0001
293 297 298 0110
298 169 299 0110
137 1938 300 0110
300 298 301 0110
299 301 302 0001
298 302 303 0110
303 170 304 0110
138 1938 305 0110
305 303 306 0110
304 306 307 0001
303 307 308 0110
308 171 309 0110
139 1938 310 0110
310 308 311 0110
309 311 312 0001
308 312 313 0110
313 172 314 0110
140 1938 315 0110
315 313 316 0110
314 316 317 0001
313 317 318 0110
318 173 319 0110
141 1938 320 0110
320 318 321 0110
319 321 322 0001
318 322 323 0110
323 174 324 0110
142 1938 325 0110
325 323 326 0110
324 326 327 0001
323 327 328 0110
328 175 329 0110
143 1938 330 0110
330 328 331 0110
329 331 332 0001
328 332 333 0110
333 176 334 0110
144 1938 335 0110
335 333 336 0110
334 336 337 0001
333 337 338 0110
338 177 339 0110
145 1938 340 0110
340 338 341 0110
339 341 342 0001
338 342 343 0110
343 178 344 0110
146 1938 345 0110
345 343 346 0110
344 346 347 0001
343 347 348 0110
348 179 349 0110
147 1938 350 0110
350 348 351 0110
349 351 352 0001
348 352 353 0110
353 180 354 0110
148 1938 355 0110
355 353 356 0110
354 356 357 0001
353 357 358 0110
358 181 359 0110
149 1938 360 0110
360 358 361 0110
359 361 362 0001
358 362 363 0110
363 182 364 0110
150 1938 365 0110
365 363 366 0110
364 366 367 0001
363 367 368 0110
368 183 369 0110
151 1938 370 0110
370 368 371 0110
369 371 372 0001
368 372 373 0110
373 184 374 0110
152 1938 375 0110
375 373 376 0110
374 376 377 0001
373 377 378 0110
378 185 379 0110
153 1938 380 0110
380 378 381 0110
379 381 382 0001
378 382 383 0110
383 186 384 0110
154 1938 385 0110
385 383 386 0110
384 386 387 0001
383 387 388 0110
388 187 389 0110
155 1938 390 0110
390 388 391 0110
389 391 392 0001
388 392 393 0110
393 188 394 0110
156 1938 395 0110
395 393 396 0110
394 396 397 0001
393 397 398 0110
398 189 399 0110
157 1938 400 0110
400 398 401 0110
399 401 402 0001
398 402 403 0110
403 190 404 0110
158 1938 405 0110
405 403 406 0110
404 406 407 0001
403 407 408 0110
408 191 409 0110
159 408 410 1001
409 410 411 0001
408 411 412 0110
160 128 413 0110
412 413 414 0001
128 414 415 0110
192 1938 416 0110
416 224 417 1000
417 1938 418 0110
225 418 419 0110
193 1938 420 0110
420 418 421 0110
419 421 422 0001
418 422 423 0110
423 226 424 0110
194 1938 425 0110
425 423 426 0110
424 426 427 0001
423 427 428 0110
428 227 429 0110
195 1938 430 0110
430 428 431 0110
429 431 432 0001
428 432 433 0110
433 228 434 0110
196 1938 435 0110
435 433 436 0110
434 436 437 0001
433 437 438 0110
438 229 439 0110
197 1938 440 0110
440 438 441 0110
439 441 442 0001
438 442 443 0110
443 230 444 0110
198 443 445 1001
444 445 446 0001
443 446 447 0110
447 231 448 0110
199 1938 449 0110
449 447 450 0110
448 450 451 0001
447 451 452 0110
452 232 453 0110
200 1938 454 0110
454 452 455 0110
453 455 456 0001
452 456 457 0110
457 233 458 0110
201 1938 459 0110
459 457 460 0110
458 460 461 0001
457 461 462 0110
462 234 463 0110
202 1938 464 0110
464 462 465 0110
463 465 466 0001
462 466 467 0110
467 235 468 0110
203 1938 469 0110
469 467 470 0110
468 470 471 0001
467 471 472 0110
472 236 473 0110
204 1938 474 0110
474 472 475 0110
473 475 476 0001
472 476 477 0110
477 237 478 0110
205 1938 479 0110
479 477 480 0110
478 480 481 0001
477 481 482 0110
482 238 483 0110
206 1938 484 0110
484 482 485 0110
483 485 486 0001
482 486 487 0110
487 239 488 0110
207 1938 489 0110
489 487 490 0110
488 490 491 0001
487 491 492 0110
492 240 493 0110
208 1938 494 0110
494 492 495 0110
493 495 496 0001
492 496 497 0110
497 241 498 0110
209 1938 499 0110
499 497 500 0110
498 500 501 0001
497 501 502 0110
502 242 503 0110
210 1938 504 0110
504 502 505 0110
503 505 506 0001
502 506 507 0110
507 243 508 0110
211 1938 509 0110
509 507 510 0110
508 510 511 0001
507 511 512 0110
512 244 513 0110
212 1938 514 0110
514 512 515 0110
513 515 516 0001
512 516 517 0110
517 245 518 0110
213 1938 519 0110
519 517 520 0110
518 520 521 0001
517 521 522 0110
522 246 523 0110
214 1938 524 0110
524 522 525 0110
523 525 526 0001
522 526 527 0110
527 247 528 0110
215 1938 529 0110
529 527 530 0110
528 530 531 0001
527 531 532 0110
532 248 533 0110
216 1938 534 0110
534 532 535 0110
533 535 536 0001
532 536 537 0110
537 249 538 0110
217 1938 539 0110
539 537 540 0110
538 540 541 0001
537 541 542 0110
542 250 543 0110
218 1938 544 0110
544 542 545 0110
543 545 546 0001
542 546 547 0110
547 251 548 0110
219 1938 549 0110
549 547 550 0110
548 550 551 0001
547 551 552 0110
552 252 553 0110
220 1938 554 0110
554 552 555 0110
553 555 556 0001
552 556 557 0110
557 253 558 0110
221 1938 559 0110
559 557 560 0110
558 560 561 0001
557 561 562 0110
562 254 563 0110
222 1938 564 0110
564 562 565 0110
563 565 566 0001
562 566 567 0110
567 255 568 0110
223 567 569 1001
568 569 570 0001
567 570 571 0110
224 192 572 0110
571 572 573 0001
192 573 574 1001
574 415 575 0001
575 1938 576 0110
225 193 577 0110
571 577 578 0001
420 578 579 0110
579 576 580 1001
161 129 581 0110
412 581 582 0001
260 582 583 0110
575 583 584 1001
580 584 585 0001
576 585 586 0110
226 194 587 0110
571 587 588 0001
425 588 589 0110
589 586 590 1001
162 130 591 0110
412 591 592 0001
265 592 593 0110
586 593 594 0110
590 594 595 0001
586 595 596 0110
227 195 597 0110
571 597 598 0001
430 598 599 0110
599 596 600 1001
163 131 601 0110
412 601 602 0001
270 602 603 0110
596 603 604 0110
600 604 605 0001
596 605 606 0110
228 196 607 0110
571 607 608 0001
435 608 609 0110
609 606 610 1001
164 132 611 0110
412 611 612 0001
275 612 613 0110
606 613 614 0110
610 614 615 0001
606 615 616 0110
229 197 617 0110
571 617 618 0001
440 618 619 0110
619 616 620 1001
165 133 621 0110
412 621 622 0001
280 622 623 0110
616 623 624 0110
620 624 625 0001
616 625 626 0110
230 198 627 0110
571 627 628 0001
198 628 629 1001
626 629 630 1001
166 134 631 0110
412 631 632 0001
285 632 633 0110
633 626 634 0110
630 634 635 0001
626 635 636 0110
231 199 637 0110
571 637 638 0001
449 638 639 0110
639 636 640 1001
167 135 641 0110
412 641 642 0001
290 642 643 0110
636 643 644 0110
640 644 645 0001
636 645 646 0110
232 200 647 0110
571 647 648 0001
454 648 649 0110
649 646 650 1001
168 136 651 0110
412 651 652 0001
295 652 653 0110
646 653 654 0110
650 654 655 0001
646 655 656 0110
233 201 657 0110
571 657 658 0001
459 658 659 0110
659 656 660 1001
169 137 661 0110
412 661 662 0001
300 662 663 0110
656 663 664 0110
660 664 665 0001
656 665 666 0110
234 202 667 0110
571 667 668 0001
464 668 669 0110
669 666 670 1001
170 138 671 0110
412 671 672 0001
305 672 673 0110
666 673 674 0110
670 674 675 0001
666 675 676 0110
235 203 677 0110
571 677 678 0001
469 678 679 0110
679 676 680 1001
171 139 681 0110
412 681 682 0001
310 682 683 0110
676 683 684 0110
680 684 685 0001
676 685 686 0110
236 204 687 0110
571 687 688 0001
474 688 689 0110
689 686 690 1001
172 140 691 0110
412 691 692 0001
315 692 693 0110
686 693 694 0110
690 694 695 0001
686 695 696 0110
237 205 697 0110
571 697 698 0001
479 698 699 0110
699 696 700 1001
173 141 701 0110
412 701 702 0001
320 702 703 0110
696 703 704 0110
700 704 705 0001
696 705 706 0110
238 206 707 0110
571 707 708 0001
484 708 709 0110
709 706 710 1001
174 142 711 0110
412 711 712 0001
325 712 713 0110
706 713 714 0110
710 714 715 0001
706 715 716 0110
239 207 717 0110
571 717 718 0001
489 718 719 0110
719 716 720 1001
175 143 721 0110
412 721 722 0001
330 722 723 0110
716 723 724 0110
720 724 725 0001
716 725 726 0110
240 208 727 0110
571 727 728 0001
494 728 729 0110
729 726 730 1001
176 144 731 0110
412 731 732 0001
335 732 733 0110
726 733 734 0110
730 734 735 0001
726 735 736 0110
241 209 737 0110
571 737 738 0001
499 738 739 0110
739 736 740 1001
177 145 741 0110
412 741 742 0001
340 742 743 0110
736 743 744 0110
740 744 745 0001
736 745 746 0110
242 210 747 0110
571 747 748 0001
504 748 749 0110
749 746 750 1001
178 146 751 0110
412 751 752 0001
345 752 753 0110
746 753 754 0110
750 754 755 0001
746 755 756 0110
243 211 757 0110
571 757 758 0001
509 758 759 0110
759 756 760 1001
179 147 761 0110
412 761 762 0001
350 762 763 0110
756 763 764 0110
760 764 765 0001
756 765 766 0110
244 212 767 0110
571 767 768 0001
514 768 769 0110
769 766 770 1001
180 148 771 0110
412 771 772 0001
355 772 773 0110
766 773 774 0110
770 774 775 0001
766 775 776 0110
245 213 777 0110
571 777 778 0001
519 778 779 0110
779 776 780 1001
181 149 781 0110
412 781 782 0001
360 782 783 0110
776 783 784 0110
780 784 785 0001
776 785 786 0110
246 214 787 0110
571 787 788 0001
524 788 789 0110
789 786 790 1001
182 150 791 0110
412 791 792 0001
365 792 793 0110
786 793 794 0110
790 794 795 0001
786 795 796 0110
247 215 797 0110
571 797 798 0001
529 798 799 0110
799 796 800 1001
183 151 801 0110
412 801 802 0001
370 802 803 0110
796 803 804 0110
800 804 805 0001
796 805 806 0110
248 216 807 0110
571 807 808 0001
534 808 809 0110
809 806 810 1001
184 152 811 0110
412 811 812 0001
375 812 813 0110
806 813 814 0110
810 814 815 0001
806 815 816 0110
249 217 817 0110
571 817 818 0001
539 818 819 0110
819 816 820 1001
185 153 821 0110
412 821 822 0001
380 822 823 0110
816 823 824 0110
820 824 825 0001
816 825 826 0110
250 218 827 0110
571 827 828 0001
544 828 829 0110
829 826 830 1001
186 154 831 0110
412 831 832 0001
385 832 833 0110
826 833 834 0110
830 834 835 0001
826 835 836 0110
251 219 837 0110
571 837 838 0001
549 838 839 0110
839 836 840 1001
187 155 841 0110
412 841 842 0001
390 842 843 0110
836 843 844 0110
840 844 845 0001
836 845 846 0110
252 220 847 0110
571 847 848 0001
554 848 849 0110
849 846 850 1001
188 156 851 0110
412 851 852 0001
395 852 853 0110
846 853 854 0110
850 854 855 0001
846 855 856 0110
253 221 857 0110
571 857 858 0001
559 858 859 0110
859 856 860 1001
189 157 861 0110
412 861 862 0001
400 862 863 0110
856 863 864 0110
860 864 865 0001
856 865 866 0110
254 222 867 0110
571 867 868 0001
564 868 869 0110
869 866 870 1001
190 158 871 0110
412 871 872 0001
405 872 873 0110
866 873 874 0110
870 874 875 0001
866 875 876 0110
255 223 877 1000
877 1938 878 0110
878 876 879 0110
191 159 880 1000
876 880 881 0110
879 881 882 0001
876 882 883 0110
415 574 884 1001
883 884 885 0001
415 885 886 1001
0 1938 887 0110
887 32 888 1000
888 1938 889 0110
33 889 890 0110
1 1938 891 0110
891 889 892 0110
890 892 893 0001
889 893 894 0110
894 34 895 0110
2 1938 896 0110
896 894 897 0110
895 897 898 0001
894 898 899 0110
899 35 900 0110
3 1938 901 0110
901 899 902 0110
900 902 903 0001
899 903 904 0110
904 36 905 0110
4 1938 906 0110
906 904 907 0110
905 907 908 0001
904 908 909 0110
909 37 910 0110
5 1938 911 0110
911 909 912 0110
910 912 913 0001
909 913 914 0110
914 38 915 0110
6 1938 916 0110
916 914 917 0110
915 917 918 0001
914 918 919 0110
919 39 920 0110
7 1938 921 0110
921 919 922 0110
920 922 923 0001
919 923 924 0110
924 40 925 0110
8 1938 926 0110
926 924 927 0110
925 927 928 0001
924 928 929 0110
929 41 930 0110
9 1938 931 0110
931 929 932 0110
930 932 933 0001
929 933 934 0110
934 42 935 0110
10 1938 936 0110
936 934 937 0110
935 937 938 0001
934 938 939 0110
939 43 940 0110
11 1938 941 0110
941 939 942 0110
940 942 943 0001
939 943 944 0110
944 44 945 0110
12 1938 946 0110
946 944 947 0110
945 947 948 0001
944 948 949 0110
949 45 950 0110
13 1938 951 0110
951 949 952 0110
950 952 953 0001
949 953 954 0110
954 46 955 0110
14 1938 956 0110
956 954 957 0110
955 957 958 0001
954 958 959 0110
959 47 960 0110
15 1938 961 0110
961 959 962 0110
960 962 963 0001
959 963 964 0110
964 48 965 0110
16 1938 966 0110
966 964 967 0110
965 967 968 0001
964 968 969 0110
969 49 970 0110
17 1938 971 0110
971 969 972 0110
970 972 973 0001
969 973 974 0110
974 50 975 0110
18 1938 976 0110
976 974 977 0110
975 977 978 0001
974 978 979 0110
979 51 980 0110
19 1938 981 0110
981 979 982 0110
980 982 983 0001
979 983 984 0110
984 52 985 0110
20 1938 986 0110
986 984 987 0110
985 987 988 0001
984 988 989 0110
989 53 990 0110
21 1938 991 0110
991 989 992 0110
990 992 993 0001
989 993 994 0110
994 54 995 0110
22 1938 996 0110
996 994 997 0110
995 997 998 0001
994 998 999 0110
999 55 1000 0110
23 1938 1001 0110
1001 999 1002 0110
1000 1002 1003 0001
999 1003 1004 0110
1004 56 1005 0110
24 1938 1006 0110
1006 1004 1007 0110
1005 1007 1008 0001
1004 1008 1009 0110
1009 57 1010 0110
25 1938 1011 0110
1011 1009 1012 0110
1010 1012 1013 0001
1009 1013 1014 0110
1014 58 1015 0110
26 1938 1016 0110
1016 1014 1017 0110
1015 1017 1018 0001
1014 1018 1019 0110
1019 59 1020 0110
27 1938 1021 0110
1021 1019 1022 0110
1020 1022 1023 0001
1019 1023 1024 0110
1024 60 1025 0110
28 1938 1026 0110
1026 1024 1027 0110
1025 1027 1028 0001
1024 1028 1029 0110
1029 61 1030 0110
29 1938 1031 0110
1031 1029 1032 0110
1030 1032 1033 0001
1029 1033 1034 0110
1034 62 1035 0110
30 1938 1036 0110
1036 1034 1037 0110
1035 1037 1038 0001
1034 1038 1039 0110
1039 63 1040 0110
31 1039 1041 1001
1040 1041 1042 0001
1039 1042 1043 0110
32 0 1044 0110
1043 1044 1045 0001
0 1045 1046 0110
64 1938 1047 0110
1047 96 1048 1000
1048 1938 1049 0110
97 1049 1050 0110
65 1938 1051 0110
1051 1049 1052 0110
1050 1052 1053 0001
1049 1053 1054 0110
1054 98 1055 0110
66 1938 1056 0110
1056 1054 1057 0110
1055 1057 1058 0001
1054 1058 1059 0110
1059 99 1060 0110
67 1938 1061 0110
1061 1059 1062 0110
1060 1062 1063 0001
1059 1063 1064 0110
1064 100 1065 0110
68 1938 1066 0110
1066 1064 1067 0110
1065 1067 1068 0001
1064 1068 1069 0110
1069 101 1070 0110
69 1938 1071 0110
1071 1069 1072 0110
1070 1072 1073 0001
1069 1073 1074 0110
1074 102 1075 0110
70 1074 1076 1001
1075 1076 1077 0001
1074 1077 1078 0110
1078 103 1079 0110
71 1938 1080 0110
1080 1078 1081 0110
1079 1081 1082 0001
1078 1082 1083 0110
1083 104 1084 0110
72 1938 1085 0110
1085 1083 1086 0110
1084 1086 1087 0001
1083 1087 1088 0110
1088 105 1089 0110
73 1938 1090 0110
1090 1088 1091 0110
1089 1091 1092 0001
1088 1092 1093 0110
1093 106 1094 0110
74 1938 1095 0110
1095 1093 1096 0110
1094 1096 1097 0001
1093 1097 1098 0110
1098 107 1099 0110
75 1938 1100 0110
1100 1098 1101 0110
1099 1101 1102 0001
1098 1102 1103 0110
1103 108 1104 0110
76 1938 1105 0110
1105 1103 1106 0110
1104 1106 1107 0001
1103 1107 1108 0110
1108 109 1109 0110
77 1938 1110 0110
1110 1108 1111 0110
1109 1111 1112 0001
1108 1112 1113 0110
1113 110 1114 0110
78 1938 1115 0110
1115 1113 1116 0110
1114 1116 1117 0001
1113 1117 1118 0110
1118 111 1119 0110
79 1938 1120 0110
1120 1118 1121 0110
1119 1121 1122 0001
1118 1122 1123 0110
1123 112 1124 0110
80 1938 1125 0110
1125 1123 1126 0110
1124 1126 1127 0001
1123 1127 1128 0110
1128 113 1129 0110
81 1938 1130 0110
1130 1128 1131 0110
1129 1131 1132 0001
1128 1132 1133 0110
1133 114 1134 0110
82 1938 1135 0110
1135 1133 1136 0110
1134 1136 1137 0001
1133 1137 1138 0110
1138 115 1139 0110
83 1938 1140 0110
1140 1138 1141 0110
1139 1141 1142 0001
1138 1142 1143 0110
1143 116 1144 0110
84 1938 1145 0110
1145 1143 1146 0110
1144 1146 1147 0001
1143 1147 1148 0110
1148 117 1149 0110
85 1938 1150 0110
1150 1148 1151 0110
1149 1151 1152 0001
1148 1152 1153 0110
1153 118 1154 0110
86 1938 1155 0110
1155 1153 1156 0110
1154 1156 1157 0001
1153 1157 1158 0110
1158 119 1159 0110
87 1938 1160 0110
1160 1158 1161 0110
1159 1161 1162 0001
1158 1162 1163 0110
1163 120 1164 0110
88 1938 1165 0110
1165 1163 1166 0110
1164 1166 1167 0001
1163 1167 1168 0110
1168 121 1169 0110
89 1938 1170 0110
1170 1168 1171 0110
1169 1171 1172 0001
1168 1172 1173 0110
1173 122 1174 0110
90 1938 1175 0110
1175 1173 1176 0110
1174 1176 1177 0001
1173 1177 1178 0110
1178 123 1179 0110
91 1938 1180 0110
1180 1178 1181 0110
1179 1181 1182 0001
1178 1182 1183 0110
1183 124 1184 0110
92 1938 1185 0110
1185 1183 1186 0110
1184 1186 1187 0001
1183 1187 1188 0110
1188 125 1189 0110
93 1938 1190 0110
1190 1188 1191 0110
1189 1191 1192 0001
1188 1192 1193 0110
1193 126 1194 0110
94 1938 1195 0110
1195 1193 1196 0110
1194 1196 1197 0001
1193 1197 1198 0110
1198 127 1199 0110
95 1198 1200 1001
1199 1200 1201 0001
1198 1201 1202 0110
96 64 1203 0110
1202 1203 1204 0001
64 1204 1205 1001
1205 1046 1206 0001
1206 1938 1207 0110
97 65 1208 0110
1202 1208 1209 0001
1051 1209 1210 0110
1210 1207 1211 1001
33 1 1212 0110
1043 1212 1213 0001
891 1213 1214 0110
1206 1214 1215 1001
1211 1215 1216 0001
1207 1216 1217 0110
98 66 1218 0110
1202 1218 1219 0001
1056 1219 1220 0110
1220 1217 1221 1001
34 2 1222 0110
1043 1222 1223 0001
896 1223 1224 0110
1217 1224 1225 0110
1221 1225 1226 0001
1217 1226 1227 0110
99 67 1228 0110
1202 1228 1229 0001
1061 1229 1230 0110
1230 1227 1231 1001
3 35 1232 0110
1043 1232 1233 0001
901 1233 1234 0110
1227 1234 1235 0110
1231 1235 1236 0001
1227 1236 1237 0110
68 100 1238 0110
1202 1238 1239 0001
1066 1239 1240 0110
1240 1237 1241 1001
4 36 1242 0110
1043 1242 1243 0001
906 1243 1244 0110
1237 1244 1245 0110
1241 1245 1246 0001
1237 1246 1247 0110
69 101 1248 0110
1202 1248 1249 0001
1071 1249 1250 0110
1250 1247 1251 1001
5 37 1252 0110
1043 1252 1253 0001
911 1253 1254 0110
1247 1254 1255 0110
1251 1255 1256 0001
1247 1256 1257 0110
70 102 1258 0110
1202 1258 1259 0001
70 1259 1260 1001
1257 1260 1261 1001
6 38 1262 0110
1043 1262 1263 0001
916 1263 1264 0110
1264 1257 1265 0110
1261 1265 1266 0001
1257 1266 1267 0110
71 103 1268 0110
1202 1268 1269 0001
1080 1269 1270 0110
1270 1267 1271 1001
7 39 1272 0110
1043 1272 1273 0001
921 1273 1274 0110
1267 1274 1275 0110
1271 1275 1276 0001
1267 1276 1277 0110
72 104 1278 0110
1202 1278 1279 0001
1085 1279 1280 0110
1280 1277 1281 1001
8 40 1282 0110
1043 1282 1283 0001
926 1283 1284 0110
1277 1284 1285 0110
1281 1285 1286 0001
1277 1286 1287 0110
73 105 1288 0110
1202 1288 1289 0001
1090 1289 1290 0110
1290 1287 1291 1001
9 41 1292 0110
1043 1292 1293 0001
931 1293 1294 0110
1287 1294 1295 0110
1291 1295 1296 0001
1287 1296 1297 0110
74 106 1298 0110
1202 1298 1299 0001
1095 1299 1300 0110
1300 1297 1301 1001
42 10 1302 0110
1043 1302 1303 0001
936 1303 1304 0110
1297 1304 1305 0110
1301 1305 1306 0001
1297 1306 1307 0110
75 107 1308 0110
1202 1308 1309 0001
1100 1309 1310 0110
1310 1307 1311 1001
43 11 1312 0110
1043 1312 1313 0001
941 1313 1314 0110
1307 1314 1315 0110
1311 1315 1316 0001
1307 1316 1317 0110
76 108 1318 0110
1202 1318 1319 0001
1105 1319 1320 0110
1320 1317 1321 1001
44 12 1322 0110
1043 1322 1323 0001
946 1323 1324 0110
1317 1324 1325 0110
1321 1325 1326 0001
1317 1326 1327 0110
77 109 1328 0110
1202 1328 1329 0001
1110 1329 1330 0110
1330 1327 1331 1001
45 13 1332 0110
1043 1332 1333 0001
951 1333 1334 0110
1327 1334 1335 0110
1331 1335 1336 0001
1327 1336 1337 0110
78 110 1338 0110
1202 1338 1339 0001
1115 1339 1340 0110
1340 1337 1341 1001
46 14 1342 0110
1043 1342 1343 0001
956 1343 1344 0110
1337 1344 1345 0110
1341 1345 1346 0001
1337 1346 1347 0110
79 111 1348 0110
1202 1348 1349 0001
1120 1349 1350 0110
1350 1347 1351 1001
47 15 1352 0110
1043 1352 1353 0001
961 1353 1354 0110
1347 1354 1355 0110
1351 1355 1356 0001
1347 1356 1357 0110
80 112 1358 0110
1202 1358 1359 0001
1125 1359 1360 0110
1360 1357 1361 1001
48 16 1362 0110
1043 1362 1363 0001
966 1363 1364 0110
1357 1364 1365 0110
1361 1365 1366 0001
1357 1366 1367 0110
81 113 1368 0110
1202 1368 1369 0001
1130 1369 1370 0110
1370 1367 1371 1001
49 17 1372 0110
1043 1372 1373 0001
971 1373 1374 0110
1367 1374 1375 0110
1371 1375 1376 0001
1367 1376 1377 0110
82 114 1378 0110
1202 1378 1379 0001
1135 1379 1380 0110
1380 1377 1381 1001
50 18 1382 0110
1043 1382 1383 0001
976 1383 1384 0110
1377 1384 1385 0110
1381 1385 1386 0001
1377 1386 1387 0110
83 115 1388 0110
1202 1388 1389 0001
1140 1389 1390 0110
1390 1387 1391 1001
51 19 1392 0110
1043 1392 1393 0001
981 1393 1394 0110
1387 1394 1395 0110
1391 1395 1396 0001
1387 1396 1397 0110
84 116 1398 0110
1202 1398 1399 0001
1145 1399 1400 0110
1400 1397 1401 1001
52 20 1402 0110
1043 1402 1403 0001
986 1403 1404 0110
1397 1404 1405 0110
1401 1405 1406 0001
1397 1406 1407 0110
85 117 1408 0110
1202 1408 1409 0001
1150 1409 1410 0110
1410 1407 1411 1001
53 21 1412 0110
1043 1412 1413 0001
991 1413 1414 0110
1407 1414 1415 0110
1411 1415 1416 0001
1407 1416 1417 0110
86 118 1418 0110
1202 1418 1419 0001
1155 1419 1420 0110
1420 1417 1421 1001
54 22 1422 0110
1043 1422 1423 0001
996 1423 1424 0110
1417 1424 1425 0110
1421 1425 1426 0001
1417 1426 1427 0110
87 119 1428 0110
1202 1428 1429 0001
1160 1429 1430 0110
1430 1427 1431 1001
55 23 1432 0110
1043 1432 1433 0001
1001 1433 1434 0110
1427 1434 1435 0110
1431 1435 1436 0001
1427 1436 1437 0110
88 120 1438 0110
1202 1438 1439 0001
1165 1439 1440 0110
1440 1437 1441 1001
56 24 1442 0110
1043 1442 1443 0001
1006 1443 1444 0110
1437 1444 1445 0110
1441 1445 1446 0001
1437 1446 1447 0110
89 121 1448 0110
1202 1448 1449 0001
1170 1449 1450 0110
1450 1447 1451 1001
57 25 1452 0110
1043 1452 1453 0001
1011 1453 1454 0110
1447 1454 1455 0110
1451 1455 1456 0001
1447 1456 1457 0110
90 122 1458 0110
1202 1458 1459 0001
1175 1459 1460 0110
1460 1457 1461 1001
58 26 1462 0110
1043 1462 1463 0001
1016 1463 1464 0110
1457 1464 1465 0110
1461 1465 1466 0001
1457 1466 1467 0110
91 123 1468 0110
1202 1468 1469 0001
1180 1469 1470 0110
1470 1467 1471 1001
59 27 1472 0110
1043 1472 1473 0001
1021 1473 1474 0110
1467 1474 1475 0110
1471 1475 1476 0001
1467 1476 1477 0110
92 124 1478 0110
1202 1478 1479 0001
1185 1479 1480 0110
1480 1477 1481 1001
60 28 1482 0110
1043 1482 1483 0001
1026 1483 1484 0110
1477 1484 1485 0110
1481 1485 1486 0001
1477 1486 1487 0110
93 125 1488 0110
1202 1488 1489 0001
1190 1489 1490 0110
1490 1487 1491 1001
61 29 1492 0110
1043 1492 1493 0001
1031 1493 1494 0110
1487 1494 1495 0110
1491 1495 1496 0001
1487 1496 1497 0110
94 126 1498 0110
1202 1498 1499 0001
1195 1499 1500 0110
1500 1497 1501 1001
62 30 1502 0110
1043 1502 1503 0001
1036 1503 1504 0110
1497 1504 1505 0110
1501 1505 1506 0001
1497 1506 1507 0110
95 127 1508 1000
1508 1507 1509 1001
63 31 1510 1000
1510 1938 1511 0110
1507 1511 1512 1001
1509 1512 1513 0001
1507 1513 1514 0110
1046 1205 1515 1001
1514 1515 1516 0001
1046 1516 1517 0110
886 1517 1518 0001
1518 1938 1519 0110
583 579 1520 0110
883 1520 1521 0001
583 1521 1522 0110
1522 1519 1523 1001
1214 1210 1524 0110
1514 1524 1525 0001
1214 1525 1526 0110
1518 1526 1527 1001
1523 1527 1528 0001
1519 1528 1529 0110
593 589 1530 0110
883 1530 1531 0001
593 1531 1532 0110
1532 1529 1533 1001
1224 1220 1534 0110
1514 1534 1535 0001
1224 1535 1536 0110
1529 1536 1537 0110
1533 1537 1538 0001
1529 1538 1539 0110
603 599 1540 0110
883 1540 1541 0001
603 1541 1542 0110
1542 1539 1543 1001
1234 1230 1544 0110
1514 1544 1545 0001
1234 1545 1546 0110
1539 1546 1547 0110
1543 1547 1548 0001
1539 1548 1549 0110
613 609 1550 0110
883 1550 1551 0001
613 1551 1552 0110
1552 1549 1553 1001
1244 1240 1554 0110
1514 1554 1555 0001
1244 1555 1556 0110
1549 1556 1557 0110
1553 1557 1558 0001
1549 1558 1559 0110
623 619 1560 0110
883 1560 1561 0001
623 1561 1562 0110
1562 1559 1563 1001
1254 1250 1564 0110
1514 1564 1565 0001
1254 1565 1566 0110
1559 1566 1567 0110
1563 1567 1568 0001
1559 1568 1569 0110
633 629 1570 0110
883 1570 1571 0001
633 1571 1572 0110
1569 1572 1573 1001
1264 1260 1574 0110
1514 1574 1575 0001
1264 1575 1576 0110
1576 1569 1577 0110
1573 1577 1578 0001
1569 1578 1579 0110
643 639 1580 0110
883 1580 1581 0001
643 1581 1582 0110
1582 1579 1583 1001
1274 1270 1584 0110
1514 1584 1585 0001
1274 1585 1586 0110
1579 1586 1587 0110
1583 1587 1588 0001
1579 1588 1589 0110
653 649 1590 0110
883 1590 1591 0001
653 1591 1592 0110
1592 1589 1593 1001
1284 1280 1594 0110
1514 1594 1595 0001
1284 1595 1596 0110
1589 1596 1597 0110
1593 1597 1598 0001
1589 1598 1599 0110
663 659 1600 0110
883 1600 1601 0001
663 1601 1602 0110
1602 1599 1603 1001
1294 1290 1604 0110
1514 1604 1605 0001
1294 1605 1606 0110
1599 1606 1607 0110
1603 1607 1608 0001
1599 1608 1609 0110
673 669 1610 0110
883 1610 1611 0001
673 1611 1612 0110
1612 1609 1613 1001
1304 1300 1614 0110
1514 1614 1615 0001
1304 1615 1616 0110
1609 1616 1617 0110
1613 1617 1618 0001
1609 1618 1619 0110
683 679 1620 0110
883 1620 1621 0001
683 1621 1622 0110
1622 1619 1623 1001
1314 1310 1624 0110
1514 1624 1625 0001
1314 1625 1626 0110
1619 1626 1627 0110
1623 1627 1628 0001
1619 1628 1629 0110
693 689 1630 0110
883 1630 1631 0001
693 1631 1632 0110
1632 1629 1633 1001
1324 1320 1634 0110
1514 1634 1635 0001
1324 1635 1636 0110
1629 1636 1637 0110
1633 1637 1638 0001
1629 1638 1639 0110
703 699 1640 0110
883 1640 1641 0001
703 1641 1642 0110
1642 1639 1643 1001
1334 1330 1644 0110
1514 1644 1645 0001
1334 1645 1646 0110
1639 1646 1647 0110
1643 1647 1648 0001
1639 1648 1649 0110
713 709 1650 0110
883 1650 1651 0001
713 1651 1652 0110
1652 1649 1653 1001
1344 1340 1654 0110
1514 1654 1655 0001
1344 1655 1656 0110
1649 1656 1657 0110
1653 1657 1658 0001
1649 1658 1659 0110
723 719 1660 0110
883 1660 1661 0001
723 1661 1662 0110
1662 1659 1663 1001
1354 1350 1664 0110
1514 1664 1665 0001
1354 1665 1666 0110
1659 1666 1667 0110
1663 1667 1668 0001
1659 1668 1669 0110
733 729 1670 0110
883 1670 1671 0001
733 1671 1672 0110
1672 1669 1673 1001
1364 1360 1674 0110
1514 1674 1675 0001
1364 1675 1676 0110
1669 1676 1677 0110
1673 1677 1678 0001
1669 1678 1679 0110
743 739 1680 0110
883 1680 1681 0001
743 1681 1682 0110
1682 1679 1683 1001
1374 1370 1684 0110
1514 1684 1685 0001
1374 1685 1686 0110
1679 1686 1687 0110
1683 1687 1688 0001
1679 1688 1689 0110
753 749 1690 0110
883 1690 1691 0001
753 1691 1692 0110
1692 1689 1693 1001
1384 1380 1694 0110
1514 1694 1695 0001
1384 1695 1696 0110
1689 1696 1697 0110
1693 1697 1698 0001
1689 1698 1699 0110
763 759 1700 0110
883 1700 1701 0001
763 1701 1702 0110
1702 1699 1703 1001
1394 1390 1704 0110
1514 1704 1705 0001
1394 1705 1706 0110
1699 1706 1707 0110
1703 1707 1708 0001
1699 1708 1709 0110
773 769 1710 0110
883 1710 1711 0001
773 1711 1712 0110
1712 1709 1713 1001
1404 1400 1714 0110
1514 1714 1715 0001
1404 1715 1716 0110
1709 1716 1717 0110
1713 1717 1718 0001
1709 1718 1719 0110
783 779 1720 0110
883 1720 1721 0001
783 1721 1722 0110
1722 1719 1723 1001
1414 1410 1724 0110
1514 1724 1725 0001
1414 1725 1726 0110
1719 1726 1727 0110
1723 1727 1728 0001
1719 1728 1729 0110
793 789 1730 0110
883 1730 1731 0001
793 1731 1732 0110
1732 1729 1733 1001
1424 1420 1734 0110
1514 1734 1735 0001
1424 1735 1736 0110
1729 1736 1737 0110
1733 1737 1738 0001
1729 1738 1739 0110
803 799 1740 0110
883 1740 1741 0001
803 1741 1742 0110
1742 1739 1743 1001
1434 1430 1744 0110
1514 1744 1745 0001
1434 1745 1746 0110
1739 1746 1747 0110
1743 1747 1748 0001
1739 1748 1749 0110
813 809 1750 0110
883 1750 1751 0001
813 1751 1752 0110
1752 1749 1753 1001
1444 1440 1754 0110
1514 1754 1755 0001
1444 1755 1756 0110
1749 1756 1757 0110
1753 1757 1758 0001
1749 1758 1759 0110
823 819 1760 0110
883 1760 1761 0001
823 1761 1762 0110
1762 1759 1763 1001
1454 1450 1764 0110
1514 1764 1765 0001
1454 1765 1766 0110
1759 1766 1767 0110
1763 1767 1768 0001
1759 1768 1769 0110
833 829 1770 0110
883 1770 1771 0001
833 1771 1772 0110
1772 1769 1773 1001
1464 1460 1774 0110
1514 1774 1775 0001
1464 1775 1776 0110
1769 1776 1777 0110
1773 1777 1778 0001
1769 1778 1779 0110
843 839 1780 0110
883 1780 1781 0001
843 1781 1782 0110
1782 1779 1783 1001
1474 1470 1784 0110
1514 1784 1785 0001
1474 1785 1786 0110
1779 1786 1787 0110
1783 1787 1788 0001
1779 1788 1789 0110
853 849 1790 0110
883 1790 1791 0001
853 1791 1792 0110
1792 1789 1793 1001
1484 1480 1794 0110
1514 1794 1795 0001
1484 1795 1796 0110
1789 1796 1797 0110
1793 1797 1798 0001
1789 1798 1799 0110
863 859 1800 0110
883 1800 1801 0001
863 1801 1802 0110
1802 1799 1803 1001
1494 1490 1804 0110
1514 1804 1805 0001
1494 1805 1806 0110
1799 1806 1807 0110
1803 1807 1808 0001
1799 1808 1809 0110
873 869 1810 0110
883 1810 1811 0001
873 1811 1812 0110
1812 1809 1813 1001
1504 1500 1814 0110
1514 1814 1815 0001
1504 1815 1816 0110
1809 1816 1817 0110
1813 1817 1818 0001
1809 1818 1819 0110
880 878 1820 0001
1820 883 1821 0001
880 1821 1822 1001
1819 1822 1823 0110
1511 1508 1824 1000
1824 1514 1825 0001
1511 1825 1826 0110
1826 1819 1827 1001
1823 1827 1828 0001
1819 1828 1829 0110
1576 1572 1830 0110
1829 1830 1831 0001
1831 1576 1832 1001
1566 1562 1833 0110
1829 1833 1834 0001
1834 1566 1835 1001
1556 1552 1836 0110
1829 1836 1837 0001
1837 1556 1838 1001
1546 1542 1839 0110
1829 1839 1840 0001
1840 1546 1841 1001
1536 1532 1842 0110
1829 1842 1843 0001
1843 1536 1844 1001
1526 1522 1845 0110
1829 1845 1846 0001
1846 1526 1847 1001
1517 886 1848 1001
1829 1848 1849 0001
1849 1517 1850 0110
1826 1822 1851 0110
1829 1851 1852 0001
1826 1852 1853 0110
1816 1812 1854 0110
1829 1854 1855 0001
1855 1816 1856 1001
1806 1802 1857 0110
1829 1857 1858 0001
1858 1806 1859 1001
1796 1792 1860 0110
1829 1860 1861 0001
1861 1796 1862 1001
1786 1782 1863 0110
1829 1863 1864 0001
1864 1786 1865 1001
1776 1772 1866 0110
1829 1866 1867 0001
1867 1776 1868 1001
1766 1762 1869 0110
1829 1869 1870 0001
1870 1766 1871 1001
1756 1752 1872 0110
1829 1872 1873 0001
1873 1756 1874 1001
1746 1742 1875 0110
1829 1875 1876 0001
1876 1746 1877 1001
1736 1732 1878 0110
1829 1878 1879 0001
1879 1736 1880 1001
1726 1722 1881 0110
1829 1881 1882 0001
1882 1726 1883 1001
1716 1712 1884 0110
1829 1884 1885 0001
1885 1716 1886 1001
1706 1702 1887 0110
1829 1887 1888 0001
1888 1706 1889 1001
1696 1692 1890 0110
1829 1890 1891 0001
1891 1696 1892 1001
1686 1682 1893 0110
1829 1893 1894 0001
1894 1686 1895 1001
1676 1672 1896 0110
1829 1896 1897 0001
1897 1676 1898 1001
1666 1662 1899 0110
1829 1899 1900 0001
1900 1666 1901 1001
1656 1652 1902 0110
1829 1902 1903 0001
1903 1656 1904 1001
1646 1642 1905 0110
1829 1905 1906 0001
1906 1646 1907 1001
1636 1632 1908 0110
1829 1908 1909 0001
1909 1636 1910 1001
1626 1622 1911 0110
1829 1911 1912 0001
1912 1626 1913 1001
1616 1612 1914 0110
1829 1914 1915 0001
1915 1616 1916 1001
1606 1602 1917 0110
1829 1917 1918 0001
1918 1606 1919 1001
1596 1592 1920 0110
1829 1920 1921 0001
1921 1596 1922 1001
1586 1582 1923 0110
1829 1923 1924 0001
1924 1586 1925 1001
1514 883 1926 0110
1829 1926 1927 0001
1514 1927 1928 0110
1043 1202 1929 0110
1928 1929 1930 0001
1043 1930 1931 0110
412 571 1932 0110
1928 1932 1933 0001
1933 412 1934 1001
1931 1934 1935 1001
1829 1935 1936 0001
1931 1936 1937 0110
