# first row is comment
728 4 856
P0 32
0
1
2
3
4
5
6
7
8
9
10
11
12
13
14
15
16
17
18
19
20
21
22
23
24
25
26
27
28
29
30
31
P1 32
32
33
34
35
36
37
38
39
40
41
42
43
44
45
46
47
48
49
50
51
52
53
54
55
56
57
58
59
60
61
62
63
P2 32
64
65
66
67
68
69
70
71
72
73
74
75
76
77
78
79
80
81
82
83
84
85
86
87
88
89
90
91
92
93
94
95
P3 32
96
97
98
99
100
101
102
103
104
105
106
107
108
109
110
111
112
113
114
115
116
117
118
119
120
121
122
123
124
125
126
127
Out 34
854
755
791
776
773
770
767
764
761
758
851
848
845
842
839
836
833
830
827
824
821
818
815
812
809
806
803
800
797
794
788
785
782
779
# list of gates
0 0 855 1001
64 855 128 0110
128 96 129 1000
129 855 130 0110
97 130 131 0110
65 855 132 0110
132 130 133 0110
131 133 134 0001
130 134 135 0110
135 98 136 0110
66 855 137 0110
137 135 138 0110
136 138 139 0001
135 139 140 0110
140 99 141 0110
67 855 142 0110
142 140 143 0110
141 143 144 0001
140 144 145 0110
145 100 146 0110
68 855 147 0110
147 145 148 0110
146 148 149 0001
145 149 150 0110
150 101 151 0110
69 855 152 0110
152 150 153 0110
151 153 154 0001
150 154 155 0110
155 102 156 0110
70 855 157 0110
157 155 158 0110
156 158 159 0001
155 159 160 0110
160 103 161 0110
71 160 162 1001
161 162 163 0001
160 163 164 0110
164 104 165 0110
72 855 166 0110
166 164 167 0110
165 167 168 0001
164 168 169 0110
169 105 170 0110
73 855 171 0110
171 169 172 0110
170 172 173 0001
169 173 174 0110
174 106 175 0110
74 855 176 0110
176 174 177 0110
175 177 178 0001
174 178 179 0110
179 107 180 0110
75 855 181 0110
181 179 182 0110
180 182 183 0001
179 183 184 0110
184 108 185 0110
76 855 186 0110
186 184 187 0110
185 187 188 0001
184 188 189 0110
189 109 190 0110
77 855 191 0110
191 189 192 0110
190 192 193 0001
189 193 194 0110
194 110 195 0110
78 855 196 0110
196 194 197 0110
195 197 198 0001
194 198 199 0110
199 111 200 0110
79 855 201 0110
201 199 202 0110
200 202 203 0001
199 203 204 0110
204 112 205 0110
80 855 206 0110
206 204 207 0110
205 207 208 0001
204 208 209 0110
209 113 210 0110
81 855 211 0110
211 209 212 0110
210 212 213 0001
209 213 214 0110
214 114 215 0110
82 855 216 0110
216 214 217 0110
215 217 218 0001
214 218 219 0110
219 115 220 0110
83 855 221 0110
221 219 222 0110
220 222 223 0001
219 223 224 0110
224 116 225 0110
84 855 226 0110
226 224 227 0110
225 227 228 0001
224 228 229 0110
229 117 230 0110
85 855 231 0110
231 229 232 0110
230 232 233 0001
229 233 234 0110
234 118 235 0110
86 855 236 0110
236 234 237 0110
235 237 238 0001
234 238 239 0110
239 119 240 0110
87 855 241 0110
241 239 242 0110
240 242 243 0001
239 243 244 0110
244 120 245 0110
88 855 246 0110
246 244 247 0110
245 247 248 0001
244 248 249 0110
249 121 250 0110
89 855 251 0110
251 249 252 0110
250 252 253 0001
249 253 254 0110
254 122 255 0110
90 855 256 0110
256 254 257 0110
255 257 258 0001
254 258 259 0110
259 123 260 0110
91 855 261 0110
261 259 262 0110
260 262 263 0001
259 263 264 0110
264 124 265 0110
92 855 266 0110
266 264 267 0110
265 267 268 0001
264 268 269 0110
269 125 270 0110
93 855 271 0110
271 269 272 0110
270 272 273 0001
269 273 274 0110
274 126 275 0110
94 855 276 0110
276 274 277 0110
275 277 278 0001
274 278 279 0110
279 127 280 0110
95 279 281 1001
280 281 282 0001
279 282 283 0110
96 64 284 0110
283 284 285 0001
64 285 286 1001
0 855 287 0110
287 32 288 1000
288 855 289 0110
33 289 290 0110
1 855 291 0110
291 289 292 0110
290 292 293 0001
289 293 294 0110
294 34 295 0110
2 855 296 0110
296 294 297 0110
295 297 298 0001
294 298 299 0110
299 35 300 0110
3 855 301 0110
301 299 302 0110
300 302 303 0001
299 303 304 0110
304 36 305 0110
4 855 306 0110
306 304 307 0110
305 307 308 0001
304 308 309 0110
309 37 310 0110
5 855 311 0110
311 309 312 0110
310 312 313 0001
309 313 314 0110
314 38 315 0110
6 855 316 0110
316 314 317 0110
315 317 318 0001
314 318 319 0110
319 39 320 0110
7 855 321 0110
321 319 322 0110
320 322 323 0001
319 323 324 0110
324 40 325 0110
8 855 326 0110
326 324 327 0110
325 327 328 0001
324 328 329 0110
329 41 330 0110
9 855 331 0110
331 329 332 0110
330 332 333 0001
329 333 334 0110
334 42 335 0110
10 855 336 0110
336 334 337 0110
335 337 338 0001
334 338 339 0110
339 43 340 0110
11 855 341 0110
341 339 342 0110
340 342 343 0001
339 343 344 0110
344 44 345 0110
12 855 346 0110
346 344 347 0110
345 347 348 0001
344 348 349 0110
349 45 350 0110
13 855 351 0110
351 349 352 0110
350 352 353 0001
349 353 354 0110
354 46 355 0110
14 855 356 0110
356 354 357 0110
355 357 358 0001
354 358 359 0110
359 47 360 0110
15 855 361 0110
361 359 362 0110
360 362 363 0001
359 363 364 0110
364 48 365 0110
16 855 366 0110
366 364 367 0110
365 367 368 0001
364 368 369 0110
369 49 370 0110
17 855 371 0110
371 369 372 0110
370 372 373 0001
369 373 374 0110
374 50 375 0110
18 855 376 0110
376 374 377 0110
375 377 378 0001
374 378 379 0110
379 51 380 0110
19 855 381 0110
381 379 382 0110
380 382 383 0001
379 383 384 0110
384 52 385 0110
20 855 386 0110
386 384 387 0110
385 387 388 0001
384 388 389 0110
389 53 390 0110
21 855 391 0110
391 389 392 0110
390 392 393 0001
389 393 394 0110
394 54 395 0110
22 855 396 0110
396 394 397 0110
395 397 398 0001
394 398 399 0110
399 55 400 0110
23 855 401 0110
401 399 402 0110
400 402 403 0001
399 403 404 0110
404 56 405 0110
24 855 406 0110
406 404 407 0110
405 407 408 0001
404 408 409 0110
409 57 410 0110
25 855 411 0110
411 409 412 0110
410 412 413 0001
409 413 414 0110
414 58 415 0110
26 855 416 0110
416 414 417 0110
415 417 418 0001
414 418 419 0110
419 59 420 0110
27 855 421 0110
421 419 422 0110
420 422 423 0001
419 423 424 0110
424 60 425 0110
28 855 426 0110
426 424 427 0110
425 427 428 0001
424 428 429 0110
429 61 430 0110
29 855 431 0110
431 429 432 0110
430 432 433 0001
429 433 434 0110
434 62 435 0110
30 855 436 0110
436 434 437 0110
435 437 438 0001
434 438 439 0110
439 63 440 0110
31 439 441 1001
440 441 442 0001
439 442 443 0110
32 0 444 0110
443 444 445 0001
0 445 446 0110
286 446 447 0001
447 855 448 0110
97 65 449 0110
283 449 450 0001
132 450 451 0110
451 448 452 1001
33 1 453 0110
443 453 454 0001
291 454 455 0110
447 455 456 1001
452 456 457 0001
448 457 458 0110
98 66 459 0110
283 459 460 0001
137 460 461 0110
461 458 462 1001
34 2 463 0110
443 463 464 0001
296 464 465 0110
458 465 466 0110
462 466 467 0001
458 467 468 0110
99 67 469 0110
283 469 470 0001
142 470 471 0110
471 468 472 1001
3 35 473 0110
443 473 474 0001
301 474 475 0110
468 475 476 0110
472 476 477 0001
468 477 478 0110
68 100 479 0110
283 479 480 0001
147 480 481 0110
481 478 482 1001
4 36 483 0110
443 483 484 0001
306 484 485 0110
478 485 486 0110
482 486 487 0001
478 487 488 0110
69 101 489 0110
283 489 490 0001
152 490 491 0110
491 488 492 1001
5 37 493 0110
443 493 494 0001
311 494 495 0110
488 495 496 0110
492 496 497 0001
488 497 498 0110
70 102 499 0110
283 499 500 0001
157 500 501 0110
501 498 502 1001
6 38 503 0110
443 503 504 0001
316 504 505 0110
498 505 506 0110
502 506 507 0001
498 507 508 0110
71 103 509 0110
283 509 510 0001
71 510 511 1001
508 511 512 1001
7 39 513 0110
443 513 514 0001
321 514 515 0110
515 508 516 0110
512 516 517 0001
508 517 518 0110
72 104 519 0110
283 519 520 0001
166 520 521 0110
521 518 522 1001
8 40 523 0110
443 523 524 0001
326 524 525 0110
518 525 526 0110
522 526 527 0001
518 527 528 0110
73 105 529 0110
283 529 530 0001
171 530 531 0110
531 528 532 1001
9 41 533 0110
443 533 534 0001
331 534 535 0110
528 535 536 0110
532 536 537 0001
528 537 538 0110
74 106 539 0110
283 539 540 0001
176 540 541 0110
541 538 542 1001
42 10 543 0110
443 543 544 0001
336 544 545 0110
538 545 546 0110
542 546 547 0001
538 547 548 0110
75 107 549 0110
283 549 550 0001
181 550 551 0110
551 548 552 1001
43 11 553 0110
443 553 554 0001
341 554 555 0110
548 555 556 0110
552 556 557 0001
548 557 558 0110
76 108 559 0110
283 559 560 0001
186 560 561 0110
561 558 562 1001
44 12 563 0110
443 563 564 0001
346 564 565 0110
558 565 566 0110
562 566 567 0001
558 567 568 0110
77 109 569 0110
283 569 570 0001
191 570 571 0110
571 568 572 1001
45 13 573 0110
443 573 574 0001
351 574 575 0110
568 575 576 0110
572 576 577 0001
568 577 578 0110
78 110 579 0110
283 579 580 0001
196 580 581 0110
581 578 582 1001
46 14 583 0110
443 583 584 0001
356 584 585 0110
578 585 586 0110
582 586 587 0001
578 587 588 0110
79 111 589 0110
283 589 590 0001
201 590 591 0110
591 588 592 1001
47 15 593 0110
443 593 594 0001
361 594 595 0110
588 595 596 0110
592 596 597 0001
588 597 598 0110
80 112 599 0110
283 599 600 0001
206 600 601 0110
601 598 602 1001
48 16 603 0110
443 603 604 0001
366 604 605 0110
598 605 606 0110
602 606 607 0001
598 607 608 0110
81 113 609 0110
283 609 610 0001
211 610 611 0110
611 608 612 1001
49 17 613 0110
443 613 614 0001
371 614 615 0110
608 615 616 0110
612 616 617 0001
608 617 618 0110
82 114 619 0110
283 619 620 0001
216 620 621 0110
621 618 622 1001
50 18 623 0110
443 623 624 0001
376 624 625 0110
618 625 626 0110
622 626 627 0001
618 627 628 0110
83 115 629 0110
283 629 630 0001
221 630 631 0110
631 628 632 1001
51 19 633 0110
443 633 634 0001
381 634 635 0110
628 635 636 0110
632 636 637 0001
628 637 638 0110
84 116 639 0110
283 639 640 0001
226 640 641 0110
641 638 642 1001
52 20 643 0110
443 643 644 0001
386 644 645 0110
638 645 646 0110
642 646 647 0001
638 647 648 0110
85 117 649 0110
283 649 650 0001
231 650 651 0110
651 648 652 1001
53 21 653 0110
443 653 654 0001
391 654 655 0110
648 655 656 0110
652 656 657 0001
648 657 658 0110
86 118 659 0110
283 659 660 0001
236 660 661 0110
661 658 662 1001
54 22 663 0110
443 663 664 0001
396 664 665 0110
658 665 666 0110
662 666 667 0001
658 667 668 0110
87 119 669 0110
283 669 670 0001
241 670 671 0110
671 668 672 1001
55 23 673 0110
443 673 674 0001
401 674 675 0110
668 675 676 0110
672 676 677 0001
668 677 678 0110
88 120 679 0110
283 679 680 0001
246 680 681 0110
681 678 682 1001
56 24 683 0110
443 683 684 0001
406 684 685 0110
678 685 686 0110
682 686 687 0001
678 687 688 0110
89 121 689 0110
283 689 690 0001
251 690 691 0110
691 688 692 1001
57 25 693 0110
443 693 694 0001
411 694 695 0110
688 695 696 0110
692 696 697 0001
688 697 698 0110
90 122 699 0110
283 699 700 0001
256 700 701 0110
701 698 702 1001
58 26 703 0110
443 703 704 0001
416 704 705 0110
698 705 706 0110
702 706 707 0001
698 707 708 0110
91 123 709 0110
283 709 710 0001
261 710 711 0110
711 708 712 1001
59 27 713 0110
443 713 714 0001
421 714 715 0110
708 715 716 0110
712 716 717 0001
708 717 718 0110
92 124 719 0110
283 719 720 0001
266 720 721 0110
721 718 722 1001
60 28 723 0110
443 723 724 0001
426 724 725 0110
718 725 726 0110
722 726 727 0001
718 727 728 0110
93 125 729 0110
283 729 730 0001
271 730 731 0110
731 728 732 1001
61 29 733 0110
443 733 734 0001
431 734 735 0110
728 735 736 0110
732 736 737 0001
728 737 738 0110
94 126 739 0110
283 739 740 0001
276 740 741 0110
741 738 742 1001
62 30 743 0110
443 743 744 0001
436 744 745 0110
738 745 746 0110
742 746 747 0001
738 747 748 0110
95 127 749 1000
749 855 750 0110
750 748 751 0110
63 31 752 1000
748 752 753 0110
751 753 754 0001
748 754 755 0110
515 511 756 0110
755 756 757 0001
757 515 758 1001
505 501 759 0110
755 759 760 0001
760 505 761 1001
495 491 762 0110
755 762 763 0001
763 495 764 1001
485 481 765 0110
755 765 766 0001
766 485 767 1001
475 471 768 0110
755 768 769 0001
769 475 770 1001
465 461 771 0110
755 771 772 0001
772 465 773 1001
455 451 774 0110
755 774 775 0001
775 455 776 1001
752 750 777 0001
777 755 778 0001
752 778 779 1001
745 741 780 0110
755 780 781 0001
781 745 782 1001
735 731 783 0110
755 783 784 0001
784 735 785 1001
725 721 786 0110
755 786 787 0001
787 725 788 1001
446 286 789 1001
755 789 790 0001
790 446 791 0110
715 711 792 0110
755 792 793 0001
793 715 794 1001
705 701 795 0110
755 795 796 0001
796 705 797 1001
695 691 798 0110
755 798 799 0001
799 695 800 1001
685 681 801 0110
755 801 802 0001
802 685 803 1001
675 671 804 0110
755 804 805 0001
805 675 806 1001
665 661 807 0110
755 807 808 0001
808 665 809 1001
655 651 810 0110
755 810 811 0001
811 655 812 1001
645 641 813 0110
755 813 814 0001
814 645 815 1001
635 631 816 0110
755 816 817 0001
817 635 818 1001
625 621 819 0110
755 819 820 0001
820 625 821 1001
615 611 822 0110
755 822 823 0001
823 615 824 1001
605 601 825 0110
755 825 826 0001
826 605 827 1001
595 591 828 0110
755 828 829 0001
829 595 830 1001
585 581 831 0110
755 831 832 0001
832 585 833 1001
575 571 834 0110
755 834 835 0001
835 575 836 1001
565 561 837 0110
755 837 838 0001
838 565 839 1001
555 551 840 0110
755 840 841 0001
841 555 842 1001
545 541 843 0110
755 843 844 0001
844 545 845 1001
535 531 846 0110
755 846 847 0001
847 535 848 1001
525 521 849 0110
755 849 850 0001
850 525 851 1001
443 283 852 0110
755 852 853 0001
443 853 854 0110
