# first row is comment
1773 16 2029
P0 16
0
1
2
3
4
5
6
7
8
9
10
11
12
13
14
15
P1 16
16
17
18
19
20
21
22
23
24
25
26
27
28
29
30
31
P2 16
32
33
34
35
36
37
38
39
40
41
42
43
44
45
46
47
P3 16
48
49
50
51
52
53
54
55
56
57
58
59
60
61
62
63
P4 16
64
65
66
67
68
69
70
71
72
73
74
75
76
77
78
79
P5 16
80
81
82
83
84
85
86
87
88
89
90
91
92
93
94
95
P6 16
96
97
98
99
100
101
102
103
104
105
106
107
108
109
110
111
P7 16
112
113
114
115
116
117
118
119
120
121
122
123
124
125
126
127
P8 16
128
129
130
131
132
133
134
135
136
137
138
139
140
141
142
143
P9 16
144
145
146
147
148
149
150
151
152
153
154
155
156
157
158
159
P10 16
160
161
162
163
164
165
166
167
168
169
170
171
172
173
174
175
P11 16
176
177
178
179
180
181
182
183
184
185
186
187
188
189
190
191
P12 16
192
193
194
195
196
197
198
199
200
201
202
203
204
205
206
207
P13 16
208
209
210
211
212
213
214
215
216
217
218
219
220
221
222
223
P14 16
224
225
226
227
228
229
230
231
232
233
234
235
236
237
238
239
P15 16
240
241
242
243
244
245
246
247
248
249
250
251
252
253
254
255
Out 20
2027
2006
1997
1946
1964
1961
1958
1955
1952
1949
1994
1991
1988
1985
1982
1979
1976
1973
1970
1967
# list of gates
0 0 2028 1001
128 2028 256 0110
256 144 257 1000
257 2028 258 0110
145 258 259 0110
129 2028 260 0110
260 258 261 0110
259 261 262 0001
258 262 263 0110
263 146 264 0110
130 2028 265 0110
265 263 266 0110
264 266 267 0001
263 267 268 0110
268 147 269 0110
131 2028 270 0110
270 268 271 0110
269 271 272 0001
268 272 273 0110
273 148 274 0110
132 2028 275 0110
275 273 276 0110
274 276 277 0001
273 277 278 0110
278 149 279 0110
133 2028 280 0110
280 278 281 0110
279 281 282 0001
278 282 283 0110
283 150 284 0110
134 2028 285 0110
285 283 286 0110
284 286 287 0001
283 287 288 0110
288 151 289 0110
135 2028 290 0110
290 288 291 0110
289 291 292 0001
288 292 293 0110
293 152 294 0110
136 2028 295 0110
295 293 296 0110
294 296 297 0001
293 297 298 0110
298 153 299 0110
137 2028 300 0110
300 298 301 0110
299 301 302 0001
298 302 303 0110
303 154 304 0110
138 2028 305 0110
305 303 306 0110
304 306 307 0001
303 307 308 0110
308 155 309 0110
139 2028 310 0110
310 308 311 0110
309 311 312 0001
308 312 313 0110
313 156 314 0110
140 2028 315 0110
315 313 316 0110
314 316 317 0001
313 317 318 0110
318 157 319 0110
141 2028 320 0110
320 318 321 0110
319 321 322 0001
318 322 323 0110
323 158 324 0110
142 2028 325 0110
325 323 326 0110
324 326 327 0001
323 327 328 0110
328 159 329 0110
143 328 330 1001
329 330 331 0001
328 331 332 0110
144 128 333 0110
332 333 334 0001
128 334 335 0110
160 2028 336 0110
336 176 337 1000
337 2028 338 0110
177 338 339 0110
161 2028 340 0110
340 338 341 0110
339 341 342 0001
338 342 343 0110
343 178 344 0110
162 2028 345 0110
345 343 346 0110
344 346 347 0001
343 347 348 0110
348 179 349 0110
163 2028 350 0110
350 348 351 0110
349 351 352 0001
348 352 353 0110
353 180 354 0110
164 2028 355 0110
355 353 356 0110
354 356 357 0001
353 357 358 0110
358 181 359 0110
165 358 360 1001
359 360 361 0001
358 361 362 0110
362 182 363 0110
166 2028 364 0110
364 362 365 0110
363 365 366 0001
362 366 367 0110
367 183 368 0110
167 2028 369 0110
369 367 370 0110
368 370 371 0001
367 371 372 0110
372 184 373 0110
168 2028 374 0110
374 372 375 0110
373 375 376 0001
372 376 377 0110
377 185 378 0110
169 2028 379 0110
379 377 380 0110
378 380 381 0001
377 381 382 0110
382 186 383 0110
170 2028 384 0110
384 382 385 0110
383 385 386 0001
382 386 387 0110
387 187 388 0110
171 2028 389 0110
389 387 390 0110
388 390 391 0001
387 391 392 0110
392 188 393 0110
172 2028 394 0110
394 392 395 0110
393 395 396 0001
392 396 397 0110
397 189 398 0110
173 2028 399 0110
399 397 400 0110
398 400 401 0001
397 401 402 0110
402 190 403 0110
174 2028 404 0110
404 402 405 0110
403 405 406 0001
402 406 407 0110
407 191 408 0110
175 407 409 1001
408 409 410 0001
407 410 411 0110
176 160 412 0110
411 412 413 0001
160 413 414 1001
414 335 415 0001
415 2028 416 0110
177 161 417 0110
411 417 418 0001
340 418 419 0110
419 416 420 1001
145 129 421 0110
332 421 422 0001
260 422 423 0110
415 423 424 1001
420 424 425 0001
416 425 426 0110
178 162 427 0110
411 427 428 0001
345 428 429 0110
429 426 430 1001
146 130 431 0110
332 431 432 0001
265 432 433 0110
426 433 434 0110
430 434 435 0001
426 435 436 0110
179 163 437 0110
411 437 438 0001
350 438 439 0110
439 436 440 1001
147 131 441 0110
332 441 442 0001
270 442 443 0110
436 443 444 0110
440 444 445 0001
436 445 446 0110
180 164 447 0110
411 447 448 0001
355 448 449 0110
449 446 450 1001
148 132 451 0110
332 451 452 0001
275 452 453 0110
446 453 454 0110
450 454 455 0001
446 455 456 0110
181 165 457 0110
411 457 458 0001
165 458 459 1001
456 459 460 1001
149 133 461 0110
332 461 462 0001
280 462 463 0110
463 456 464 0110
460 464 465 0001
456 465 466 0110
182 166 467 0110
411 467 468 0001
364 468 469 0110
469 466 470 1001
150 134 471 0110
332 471 472 0001
285 472 473 0110
466 473 474 0110
470 474 475 0001
466 475 476 0110
183 167 477 0110
411 477 478 0001
369 478 479 0110
479 476 480 1001
151 135 481 0110
332 481 482 0001
290 482 483 0110
476 483 484 0110
480 484 485 0001
476 485 486 0110
184 168 487 0110
411 487 488 0001
374 488 489 0110
489 486 490 1001
152 136 491 0110
332 491 492 0001
295 492 493 0110
486 493 494 0110
490 494 495 0001
486 495 496 0110
185 169 497 0110
411 497 498 0001
379 498 499 0110
499 496 500 1001
153 137 501 0110
332 501 502 0001
300 502 503 0110
496 503 504 0110
500 504 505 0001
496 505 506 0110
186 170 507 0110
411 507 508 0001
384 508 509 0110
509 506 510 1001
154 138 511 0110
332 511 512 0001
305 512 513 0110
506 513 514 0110
510 514 515 0001
506 515 516 0110
187 171 517 0110
411 517 518 0001
389 518 519 0110
519 516 520 1001
155 139 521 0110
332 521 522 0001
310 522 523 0110
516 523 524 0110
520 524 525 0001
516 525 526 0110
188 172 527 0110
411 527 528 0001
394 528 529 0110
529 526 530 1001
156 140 531 0110
332 531 532 0001
315 532 533 0110
526 533 534 0110
530 534 535 0001
526 535 536 0110
189 173 537 0110
411 537 538 0001
399 538 539 0110
539 536 540 1001
157 141 541 0110
332 541 542 0001
320 542 543 0110
536 543 544 0110
540 544 545 0001
536 545 546 0110
190 174 547 0110
411 547 548 0001
404 548 549 0110
549 546 550 1001
158 142 551 0110
332 551 552 0001
325 552 553 0110
546 553 554 0110
550 554 555 0001
546 555 556 0110
191 175 557 1000
557 556 558 1001
159 143 559 1000
556 559 560 0110
558 560 561 0001
556 561 562 0110
335 414 563 1001
562 563 564 0001
335 564 565 0110
192 2028 566 0110
566 208 567 1000
567 2028 568 0110
209 568 569 0110
193 2028 570 0110
570 568 571 0110
569 571 572 0001
568 572 573 0110
573 210 574 0110
194 2028 575 0110
575 573 576 0110
574 576 577 0001
573 577 578 0110
578 211 579 0110
195 2028 580 0110
580 578 581 0110
579 581 582 0001
578 582 583 0110
583 212 584 0110
196 2028 585 0110
585 583 586 0110
584 586 587 0001
583 587 588 0110
588 213 589 0110
197 2028 590 0110
590 588 591 0110
589 591 592 0001
588 592 593 0110
593 214 594 0110
198 2028 595 0110
595 593 596 0110
594 596 597 0001
593 597 598 0110
598 215 599 0110
199 2028 600 0110
600 598 601 0110
599 601 602 0001
598 602 603 0110
603 216 604 0110
200 2028 605 0110
605 603 606 0110
604 606 607 0001
603 607 608 0110
608 217 609 0110
201 2028 610 0110
610 608 611 0110
609 611 612 0001
608 612 613 0110
613 218 614 0110
202 2028 615 0110
615 613 616 0110
614 616 617 0001
613 617 618 0110
618 219 619 0110
203 2028 620 0110
620 618 621 0110
619 621 622 0001
618 622 623 0110
623 220 624 0110
204 2028 625 0110
625 623 626 0110
624 626 627 0001
623 627 628 0110
628 221 629 0110
205 2028 630 0110
630 628 631 0110
629 631 632 0001
628 632 633 0110
633 222 634 0110
206 2028 635 0110
635 633 636 0110
634 636 637 0001
633 637 638 0110
638 223 639 0110
207 638 640 1001
639 640 641 0001
638 641 642 0110
208 192 643 0110
642 643 644 0001
192 644 645 0110
224 2028 646 0110
646 240 647 1000
647 2028 648 0110
241 648 649 0110
225 2028 650 0110
650 648 651 0110
649 651 652 0001
648 652 653 0110
653 242 654 0110
226 2028 655 0110
655 653 656 0110
654 656 657 0001
653 657 658 0110
658 243 659 0110
227 2028 660 0110
660 658 661 0110
659 661 662 0001
658 662 663 0110
663 244 664 0110
228 2028 665 0110
665 663 666 0110
664 666 667 0001
663 667 668 0110
668 245 669 0110
229 668 670 1001
669 670 671 0001
668 671 672 0110
672 246 673 0110
230 2028 674 0110
674 672 675 0110
673 675 676 0001
672 676 677 0110
677 247 678 0110
231 2028 679 0110
679 677 680 0110
678 680 681 0001
677 681 682 0110
682 248 683 0110
232 2028 684 0110
684 682 685 0110
683 685 686 0001
682 686 687 0110
687 249 688 0110
233 2028 689 0110
689 687 690 0110
688 690 691 0001
687 691 692 0110
692 250 693 0110
234 2028 694 0110
694 692 695 0110
693 695 696 0001
692 696 697 0110
697 251 698 0110
235 2028 699 0110
699 697 700 0110
698 700 701 0001
697 701 702 0110
702 252 703 0110
236 2028 704 0110
704 702 705 0110
703 705 706 0001
702 706 707 0110
707 253 708 0110
237 2028 709 0110
709 707 710 0110
708 710 711 0001
707 711 712 0110
712 254 713 0110
238 2028 714 0110
714 712 715 0110
713 715 716 0001
712 716 717 0110
717 255 718 0110
239 717 719 1001
718 719 720 0001
717 720 721 0110
240 224 722 0110
721 722 723 0001
224 723 724 1001
724 645 725 0001
725 2028 726 0110
241 225 727 0110
721 727 728 0001
650 728 729 0110
729 726 730 1001
209 193 731 0110
642 731 732 0001
570 732 733 0110
725 733 734 1001
730 734 735 0001
726 735 736 0110
242 226 737 0110
721 737 738 0001
655 738 739 0110
739 736 740 1001
210 194 741 0110
642 741 742 0001
575 742 743 0110
736 743 744 0110
740 744 745 0001
736 745 746 0110
243 227 747 0110
721 747 748 0001
660 748 749 0110
749 746 750 1001
211 195 751 0110
642 751 752 0001
580 752 753 0110
746 753 754 0110
750 754 755 0001
746 755 756 0110
244 228 757 0110
721 757 758 0001
665 758 759 0110
759 756 760 1001
212 196 761 0110
642 761 762 0001
585 762 763 0110
756 763 764 0110
760 764 765 0001
756 765 766 0110
245 229 767 0110
721 767 768 0001
229 768 769 1001
766 769 770 1001
213 197 771 0110
642 771 772 0001
590 772 773 0110
773 766 774 0110
770 774 775 0001
766 775 776 0110
246 230 777 0110
721 777 778 0001
674 778 779 0110
779 776 780 1001
214 198 781 0110
642 781 782 0001
595 782 783 0110
776 783 784 0110
780 784 785 0001
776 785 786 0110
247 231 787 0110
721 787 788 0001
679 788 789 0110
789 786 790 1001
215 199 791 0110
642 791 792 0001
600 792 793 0110
786 793 794 0110
790 794 795 0001
786 795 796 0110
248 232 797 0110
721 797 798 0001
684 798 799 0110
799 796 800 1001
216 200 801 0110
642 801 802 0001
605 802 803 0110
796 803 804 0110
800 804 805 0001
796 805 806 0110
249 233 807 0110
721 807 808 0001
689 808 809 0110
809 806 810 1001
217 201 811 0110
642 811 812 0001
610 812 813 0110
806 813 814 0110
810 814 815 0001
806 815 816 0110
250 234 817 0110
721 817 818 0001
694 818 819 0110
819 816 820 1001
218 202 821 0110
642 821 822 0001
615 822 823 0110
816 823 824 0110
820 824 825 0001
816 825 826 0110
251 235 827 0110
721 827 828 0001
699 828 829 0110
829 826 830 1001
219 203 831 0110
642 831 832 0001
620 832 833 0110
826 833 834 0110
830 834 835 0001
826 835 836 0110
252 236 837 0110
721 837 838 0001
704 838 839 0110
839 836 840 1001
220 204 841 0110
642 841 842 0001
625 842 843 0110
836 843 844 0110
840 844 845 0001
836 845 846 0110
253 237 847 0110
721 847 848 0001
709 848 849 0110
849 846 850 1001
221 205 851 0110
642 851 852 0001
630 852 853 0110
846 853 854 0110
850 854 855 0001
846 855 856 0110
254 238 857 0110
721 857 858 0001
714 858 859 0110
859 856 860 1001
222 206 861 0110
642 861 862 0001
635 862 863 0110
856 863 864 0110
860 864 865 0001
856 865 866 0110
255 239 867 1000
867 866 868 1001
223 207 869 1000
866 869 870 0110
868 870 871 0001
866 871 872 0110
645 724 873 1001
872 873 874 0001
645 874 875 1001
875 565 876 0001
876 2028 877 0110
733 729 878 0110
872 878 879 0001
733 879 880 0110
880 877 881 1001
423 419 882 0110
562 882 883 0001
423 883 884 0110
876 884 885 1001
881 885 886 0001
877 886 887 0110
743 739 888 0110
872 888 889 0001
743 889 890 0110
890 887 891 1001
433 429 892 0110
562 892 893 0001
433 893 894 0110
887 894 895 0110
891 895 896 0001
887 896 897 0110
753 749 898 0110
872 898 899 0001
753 899 900 0110
900 897 901 1001
443 439 902 0110
562 902 903 0001
443 903 904 0110
897 904 905 0110
901 905 906 0001
897 906 907 0110
763 759 908 0110
872 908 909 0001
763 909 910 0110
910 907 911 1001
453 449 912 0110
562 912 913 0001
453 913 914 0110
907 914 915 0110
911 915 916 0001
907 916 917 0110
773 769 918 0110
872 918 919 0001
773 919 920 0110
917 920 921 1001
463 459 922 0110
562 922 923 0001
463 923 924 0110
924 917 925 0110
921 925 926 0001
917 926 927 0110
783 779 928 0110
872 928 929 0001
783 929 930 0110
930 927 931 1001
473 469 932 0110
562 932 933 0001
473 933 934 0110
927 934 935 0110
931 935 936 0001
927 936 937 0110
793 789 938 0110
872 938 939 0001
793 939 940 0110
940 937 941 1001
483 479 942 0110
562 942 943 0001
483 943 944 0110
937 944 945 0110
941 945 946 0001
937 946 947 0110
803 799 948 0110
872 948 949 0001
803 949 950 0110
950 947 951 1001
493 489 952 0110
562 952 953 0001
493 953 954 0110
947 954 955 0110
951 955 956 0001
947 956 957 0110
813 809 958 0110
872 958 959 0001
813 959 960 0110
960 957 961 1001
503 499 962 0110
562 962 963 0001
503 963 964 0110
957 964 965 0110
961 965 966 0001
957 966 967 0110
823 819 968 0110
872 968 969 0001
823 969 970 0110
970 967 971 1001
513 509 972 0110
562 972 973 0001
513 973 974 0110
967 974 975 0110
971 975 976 0001
967 976 977 0110
833 829 978 0110
872 978 979 0001
833 979 980 0110
980 977 981 1001
523 519 982 0110
562 982 983 0001
523 983 984 0110
977 984 985 0110
981 985 986 0001
977 986 987 0110
843 839 988 0110
872 988 989 0001
843 989 990 0110
990 987 991 1001
533 529 992 0110
562 992 993 0001
533 993 994 0110
987 994 995 0110
991 995 996 0001
987 996 997 0110
853 849 998 0110
872 998 999 0001
853 999 1000 0110
1000 997 1001 1001
543 539 1002 0110
562 1002 1003 0001
543 1003 1004 0110
997 1004 1005 0110
1001 1005 1006 0001
997 1006 1007 0110
863 859 1008 0110
872 1008 1009 0001
863 1009 1010 0110
1010 1007 1011 1001
553 549 1012 0110
562 1012 1013 0001
553 1013 1014 0110
1007 1014 1015 0110
1011 1015 1016 0001
1007 1016 1017 0110
867 869 1018 0001
1018 1017 1019 1001
559 557 1020 0001
1017 1020 1021 0110
1019 1021 1022 0001
1017 1022 1023 0110
565 875 1024 1001
1023 1024 1025 0001
565 1025 1026 1001
0 2028 1027 0110
1027 16 1028 1000
1028 2028 1029 0110
17 1029 1030 0110
1 2028 1031 0110
1031 1029 1032 0110
1030 1032 1033 0001
1029 1033 1034 0110
1034 18 1035 0110
2 2028 1036 0110
1036 1034 1037 0110
1035 1037 1038 0001
1034 1038 1039 0110
1039 19 1040 0110
3 2028 1041 0110
1041 1039 1042 0110
1040 1042 1043 0001
1039 1043 1044 0110
1044 20 1045 0110
4 2028 1046 0110
1046 1044 1047 0110
1045 1047 1048 0001
1044 1048 1049 0110
1049 21 1050 0110
5 2028 1051 0110
1051 1049 1052 0110
1050 1052 1053 0001
1049 1053 1054 0110
1054 22 1055 0110
6 2028 1056 0110
1056 1054 1057 0110
1055 1057 1058 0001
1054 1058 1059 0110
1059 23 1060 0110
7 2028 1061 0110
1061 1059 1062 0110
1060 1062 1063 0001
1059 1063 1064 0110
1064 24 1065 0110
8 2028 1066 0110
1066 1064 1067 0110
1065 1067 1068 0001
1064 1068 1069 0110
1069 25 1070 0110
9 2028 1071 0110
1071 1069 1072 0110
1070 1072 1073 0001
1069 1073 1074 0110
1074 26 1075 0110
10 2028 1076 0110
1076 1074 1077 0110
1075 1077 1078 0001
1074 1078 1079 0110
1079 27 1080 0110
11 2028 1081 0110
1081 1079 1082 0110
1080 1082 1083 0001
1079 1083 1084 0110
1084 28 1085 0110
12 2028 1086 0110
1086 1084 1087 0110
1085 1087 1088 0001
1084 1088 1089 0110
1089 29 1090 0110
13 2028 1091 0110
1091 1089 1092 0110
1090 1092 1093 0001
1089 1093 1094 0110
1094 30 1095 0110
14 2028 1096 0110
1096 1094 1097 0110
1095 1097 1098 0001
1094 1098 1099 0110
1099 31 1100 0110
15 1099 1101 1001
1100 1101 1102 0001
1099 1102 1103 0110
16 0 1104 0110
1103 1104 1105 0001
0 1105 1106 0110
32 2028 1107 0110
1107 48 1108 1000
1108 2028 1109 0110
49 1109 1110 0110
33 2028 1111 0110
1111 1109 1112 0110
1110 1112 1113 0001
1109 1113 1114 0110
1114 50 1115 0110
34 2028 1116 0110
1116 1114 1117 0110
1115 1117 1118 0001
1114 1118 1119 0110
1119 51 1120 0110
35 2028 1121 0110
1121 1119 1122 0110
1120 1122 1123 0001
1119 1123 1124 0110
1124 52 1125 0110
36 2028 1126 0110
1126 1124 1127 0110
1125 1127 1128 0001
1124 1128 1129 0110
1129 53 1130 0110
37 1129 1131 1001
1130 1131 1132 0001
1129 1132 1133 0110
1133 54 1134 0110
38 2028 1135 0110
1135 1133 1136 0110
1134 1136 1137 0001
1133 1137 1138 0110
1138 55 1139 0110
39 2028 1140 0110
1140 1138 1141 0110
1139 1141 1142 0001
1138 1142 1143 0110
1143 56 1144 0110
40 2028 1145 0110
1145 1143 1146 0110
1144 1146 1147 0001
1143 1147 1148 0110
1148 57 1149 0110
41 2028 1150 0110
1150 1148 1151 0110
1149 1151 1152 0001
1148 1152 1153 0110
1153 58 1154 0110
42 2028 1155 0110
1155 1153 1156 0110
1154 1156 1157 0001
1153 1157 1158 0110
1158 59 1159 0110
43 2028 1160 0110
1160 1158 1161 0110
1159 1161 1162 0001
1158 1162 1163 0110
1163 60 1164 0110
44 2028 1165 0110
1165 1163 1166 0110
1164 1166 1167 0001
1163 1167 1168 0110
1168 61 1169 0110
45 2028 1170 0110
1170 1168 1171 0110
1169 1171 1172 0001
1168 1172 1173 0110
1173 62 1174 0110
46 2028 1175 0110
1175 1173 1176 0110
1174 1176 1177 0001
1173 1177 1178 0110
1178 63 1179 0110
47 1178 1180 1001
1179 1180 1181 0001
1178 1181 1182 0110
48 32 1183 0110
1182 1183 1184 0001
32 1184 1185 1001
1185 1106 1186 0001
1186 2028 1187 0110
49 33 1188 0110
1182 1188 1189 0001
1111 1189 1190 0110
1190 1187 1191 1001
1 17 1192 0110
1103 1192 1193 0001
1031 1193 1194 0110
1186 1194 1195 1001
1191 1195 1196 0001
1187 1196 1197 0110
50 34 1198 0110
1182 1198 1199 0001
1116 1199 1200 0110
1200 1197 1201 1001
2 18 1202 0110
1103 1202 1203 0001
1036 1203 1204 0110
1197 1204 1205 0110
1201 1205 1206 0001
1197 1206 1207 0110
51 35 1208 0110
1182 1208 1209 0001
1121 1209 1210 0110
1210 1207 1211 1001
3 19 1212 0110
1103 1212 1213 0001
1041 1213 1214 0110
1207 1214 1215 0110
1211 1215 1216 0001
1207 1216 1217 0110
52 36 1218 0110
1182 1218 1219 0001
1126 1219 1220 0110
1220 1217 1221 1001
4 20 1222 0110
1103 1222 1223 0001
1046 1223 1224 0110
1217 1224 1225 0110
1221 1225 1226 0001
1217 1226 1227 0110
53 37 1228 0110
1182 1228 1229 0001
37 1229 1230 1001
1227 1230 1231 1001
5 21 1232 0110
1103 1232 1233 0001
1051 1233 1234 0110
1234 1227 1235 0110
1231 1235 1236 0001
1227 1236 1237 0110
54 38 1238 0110
1182 1238 1239 0001
1135 1239 1240 0110
1240 1237 1241 1001
6 22 1242 0110
1103 1242 1243 0001
1056 1243 1244 0110
1237 1244 1245 0110
1241 1245 1246 0001
1237 1246 1247 0110
55 39 1248 0110
1182 1248 1249 0001
1140 1249 1250 0110
1250 1247 1251 1001
7 23 1252 0110
1103 1252 1253 0001
1061 1253 1254 0110
1247 1254 1255 0110
1251 1255 1256 0001
1247 1256 1257 0110
56 40 1258 0110
1182 1258 1259 0001
1145 1259 1260 0110
1260 1257 1261 1001
8 24 1262 0110
1103 1262 1263 0001
1066 1263 1264 0110
1257 1264 1265 0110
1261 1265 1266 0001
1257 1266 1267 0110
57 41 1268 0110
1182 1268 1269 0001
1150 1269 1270 0110
1270 1267 1271 1001
9 25 1272 0110
1103 1272 1273 0001
1071 1273 1274 0110
1267 1274 1275 0110
1271 1275 1276 0001
1267 1276 1277 0110
58 42 1278 0110
1182 1278 1279 0001
1155 1279 1280 0110
1280 1277 1281 1001
26 10 1282 0110
1103 1282 1283 0001
1076 1283 1284 0110
1277 1284 1285 0110
1281 1285 1286 0001
1277 1286 1287 0110
59 43 1288 0110
1182 1288 1289 0001
1160 1289 1290 0110
1290 1287 1291 1001
27 11 1292 0110
1103 1292 1293 0001
1081 1293 1294 0110
1287 1294 1295 0110
1291 1295 1296 0001
1287 1296 1297 0110
60 44 1298 0110
1182 1298 1299 0001
1165 1299 1300 0110
1300 1297 1301 1001
28 12 1302 0110
1103 1302 1303 0001
1086 1303 1304 0110
1297 1304 1305 0110
1301 1305 1306 0001
1297 1306 1307 0110
61 45 1308 0110
1182 1308 1309 0001
1170 1309 1310 0110
1310 1307 1311 1001
29 13 1312 0110
1103 1312 1313 0001
1091 1313 1314 0110
1307 1314 1315 0110
1311 1315 1316 0001
1307 1316 1317 0110
62 46 1318 0110
1182 1318 1319 0001
1175 1319 1320 0110
1320 1317 1321 1001
30 14 1322 0110
1103 1322 1323 0001
1096 1323 1324 0110
1317 1324 1325 0110
1321 1325 1326 0001
1317 1326 1327 0110
63 47 1328 1000
1328 1327 1329 1001
31 15 1330 1000
1327 1330 1331 0110
1329 1331 1332 0001
1327 1332 1333 0110
1106 1185 1334 1001
1333 1334 1335 0001
1106 1335 1336 0110
64 2028 1337 0110
1337 80 1338 1000
1338 2028 1339 0110
81 1339 1340 0110
65 2028 1341 0110
1341 1339 1342 0110
1340 1342 1343 0001
1339 1343 1344 0110
1344 82 1345 0110
66 2028 1346 0110
1346 1344 1347 0110
1345 1347 1348 0001
1344 1348 1349 0110
1349 83 1350 0110
67 2028 1351 0110
1351 1349 1352 0110
1350 1352 1353 0001
1349 1353 1354 0110
1354 84 1355 0110
68 2028 1356 0110
1356 1354 1357 0110
1355 1357 1358 0001
1354 1358 1359 0110
1359 85 1360 0110
69 2028 1361 0110
1361 1359 1362 0110
1360 1362 1363 0001
1359 1363 1364 0110
1364 86 1365 0110
70 2028 1366 0110
1366 1364 1367 0110
1365 1367 1368 0001
1364 1368 1369 0110
1369 87 1370 0110
71 2028 1371 0110
1371 1369 1372 0110
1370 1372 1373 0001
1369 1373 1374 0110
1374 88 1375 0110
72 2028 1376 0110
1376 1374 1377 0110
1375 1377 1378 0001
1374 1378 1379 0110
1379 89 1380 0110
73 2028 1381 0110
1381 1379 1382 0110
1380 1382 1383 0001
1379 1383 1384 0110
1384 90 1385 0110
74 2028 1386 0110
1386 1384 1387 0110
1385 1387 1388 0001
1384 1388 1389 0110
1389 91 1390 0110
75 2028 1391 0110
1391 1389 1392 0110
1390 1392 1393 0001
1389 1393 1394 0110
1394 92 1395 0110
76 2028 1396 0110
1396 1394 1397 0110
1395 1397 1398 0001
1394 1398 1399 0110
1399 93 1400 0110
77 2028 1401 0110
1401 1399 1402 0110
1400 1402 1403 0001
1399 1403 1404 0110
1404 94 1405 0110
78 2028 1406 0110
1406 1404 1407 0110
1405 1407 1408 0001
1404 1408 1409 0110
1409 95 1410 0110
79 1409 1411 1001
1410 1411 1412 0001
1409 1412 1413 0110
80 64 1414 0110
1413 1414 1415 0001
64 1415 1416 0110
96 2028 1417 0110
1417 112 1418 1000
1418 2028 1419 0110
113 1419 1420 0110
97 2028 1421 0110
1421 1419 1422 0110
1420 1422 1423 0001
1419 1423 1424 0110
1424 114 1425 0110
98 2028 1426 0110
1426 1424 1427 0110
1425 1427 1428 0001
1424 1428 1429 0110
1429 115 1430 0110
99 2028 1431 0110
1431 1429 1432 0110
1430 1432 1433 0001
1429 1433 1434 0110
1434 116 1435 0110
100 2028 1436 0110
1436 1434 1437 0110
1435 1437 1438 0001
1434 1438 1439 0110
1439 117 1440 0110
101 1439 1441 1001
1440 1441 1442 0001
1439 1442 1443 0110
1443 118 1444 0110
102 2028 1445 0110
1445 1443 1446 0110
1444 1446 1447 0001
1443 1447 1448 0110
1448 119 1449 0110
103 2028 1450 0110
1450 1448 1451 0110
1449 1451 1452 0001
1448 1452 1453 0110
1453 120 1454 0110
104 2028 1455 0110
1455 1453 1456 0110
1454 1456 1457 0001
1453 1457 1458 0110
1458 121 1459 0110
105 2028 1460 0110
1460 1458 1461 0110
1459 1461 1462 0001
1458 1462 1463 0110
1463 122 1464 0110
106 2028 1465 0110
1465 1463 1466 0110
1464 1466 1467 0001
1463 1467 1468 0110
1468 123 1469 0110
107 2028 1470 0110
1470 1468 1471 0110
1469 1471 1472 0001
1468 1472 1473 0110
1473 124 1474 0110
108 2028 1475 0110
1475 1473 1476 0110
1474 1476 1477 0001
1473 1477 1478 0110
1478 125 1479 0110
109 2028 1480 0110
1480 1478 1481 0110
1479 1481 1482 0001
1478 1482 1483 0110
1483 126 1484 0110
110 2028 1485 0110
1485 1483 1486 0110
1484 1486 1487 0001
1483 1487 1488 0110
1488 127 1489 0110
111 1488 1490 1001
1489 1490 1491 0001
1488 1491 1492 0110
96 112 1493 0110
1492 1493 1494 0001
96 1494 1495 1001
1495 1416 1496 0001
1496 2028 1497 0110
97 113 1498 0110
1492 1498 1499 0001
1421 1499 1500 0110
1500 1497 1501 1001
81 65 1502 0110
1413 1502 1503 0001
1341 1503 1504 0110
1496 1504 1505 1001
1501 1505 1506 0001
1497 1506 1507 0110
98 114 1508 0110
1492 1508 1509 0001
1426 1509 1510 0110
1510 1507 1511 1001
82 66 1512 0110
1413 1512 1513 0001
1346 1513 1514 0110
1507 1514 1515 0110
1511 1515 1516 0001
1507 1516 1517 0110
99 115 1518 0110
1492 1518 1519 0001
1431 1519 1520 0110
1520 1517 1521 1001
83 67 1522 0110
1413 1522 1523 0001
1351 1523 1524 0110
1517 1524 1525 0110
1521 1525 1526 0001
1517 1526 1527 0110
116 100 1528 0110
1492 1528 1529 0001
1436 1529 1530 0110
1530 1527 1531 1001
84 68 1532 0110
1413 1532 1533 0001
1356 1533 1534 0110
1527 1534 1535 0110
1531 1535 1536 0001
1527 1536 1537 0110
117 101 1538 0110
1492 1538 1539 0001
101 1539 1540 1001
1537 1540 1541 1001
85 69 1542 0110
1413 1542 1543 0001
1361 1543 1544 0110
1544 1537 1545 0110
1541 1545 1546 0001
1537 1546 1547 0110
118 102 1548 0110
1492 1548 1549 0001
1445 1549 1550 0110
1550 1547 1551 1001
86 70 1552 0110
1413 1552 1553 0001
1366 1553 1554 0110
1547 1554 1555 0110
1551 1555 1556 0001
1547 1556 1557 0110
119 103 1558 0110
1492 1558 1559 0001
1450 1559 1560 0110
1560 1557 1561 1001
87 71 1562 0110
1413 1562 1563 0001
1371 1563 1564 0110
1557 1564 1565 0110
1561 1565 1566 0001
1557 1566 1567 0110
120 104 1568 0110
1492 1568 1569 0001
1455 1569 1570 0110
1570 1567 1571 1001
88 72 1572 0110
1413 1572 1573 0001
1376 1573 1574 0110
1567 1574 1575 0110
1571 1575 1576 0001
1567 1576 1577 0110
121 105 1578 0110
1492 1578 1579 0001
1460 1579 1580 0110
1580 1577 1581 1001
89 73 1582 0110
1413 1582 1583 0001
1381 1583 1584 0110
1577 1584 1585 0110
1581 1585 1586 0001
1577 1586 1587 0110
122 106 1588 0110
1492 1588 1589 0001
1465 1589 1590 0110
1590 1587 1591 1001
90 74 1592 0110
1413 1592 1593 0001
1386 1593 1594 0110
1587 1594 1595 0110
1591 1595 1596 0001
1587 1596 1597 0110
123 107 1598 0110
1492 1598 1599 0001
1470 1599 1600 0110
1600 1597 1601 1001
91 75 1602 0110
1413 1602 1603 0001
1391 1603 1604 0110
1597 1604 1605 0110
1601 1605 1606 0001
1597 1606 1607 0110
124 108 1608 0110
1492 1608 1609 0001
1475 1609 1610 0110
1610 1607 1611 1001
92 76 1612 0110
1413 1612 1613 0001
1396 1613 1614 0110
1607 1614 1615 0110
1611 1615 1616 0001
1607 1616 1617 0110
125 109 1618 0110
1492 1618 1619 0001
1480 1619 1620 0110
1620 1617 1621 1001
93 77 1622 0110
1413 1622 1623 0001
1401 1623 1624 0110
1617 1624 1625 0110
1621 1625 1626 0001
1617 1626 1627 0110
126 110 1628 0110
1492 1628 1629 0001
1485 1629 1630 0110
1630 1627 1631 1001
94 78 1632 0110
1413 1632 1633 0001
1406 1633 1634 0110
1627 1634 1635 0110
1631 1635 1636 0001
1627 1636 1637 0110
127 111 1638 1000
1638 1637 1639 1001
95 79 1640 1000
1637 1640 1641 0110
1639 1641 1642 0001
1637 1642 1643 0110
1416 1495 1644 1001
1643 1644 1645 0001
1416 1645 1646 1001
1646 1336 1647 0001
1647 2028 1648 0110
1504 1500 1649 0110
1643 1649 1650 0001
1504 1650 1651 0110
1651 1648 1652 1001
1194 1190 1653 0110
1333 1653 1654 0001
1194 1654 1655 0110
1647 1655 1656 1001
1652 1656 1657 0001
1648 1657 1658 0110
1514 1510 1659 0110
1643 1659 1660 0001
1514 1660 1661 0110
1661 1658 1662 1001
1204 1200 1663 0110
1333 1663 1664 0001
1204 1664 1665 0110
1658 1665 1666 0110
1662 1666 1667 0001
1658 1667 1668 0110
1524 1520 1669 0110
1643 1669 1670 0001
1524 1670 1671 0110
1671 1668 1672 1001
1214 1210 1673 0110
1333 1673 1674 0001
1214 1674 1675 0110
1668 1675 1676 0110
1672 1676 1677 0001
1668 1677 1678 0110
1534 1530 1679 0110
1643 1679 1680 0001
1534 1680 1681 0110
1681 1678 1682 1001
1224 1220 1683 0110
1333 1683 1684 0001
1224 1684 1685 0110
1678 1685 1686 0110
1682 1686 1687 0001
1678 1687 1688 0110
1544 1540 1689 0110
1643 1689 1690 0001
1544 1690 1691 0110
1688 1691 1692 1001
1234 1230 1693 0110
1333 1693 1694 0001
1234 1694 1695 0110
1695 1688 1696 0110
1692 1696 1697 0001
1688 1697 1698 0110
1554 1550 1699 0110
1643 1699 1700 0001
1554 1700 1701 0110
1701 1698 1702 1001
1244 1240 1703 0110
1333 1703 1704 0001
1244 1704 1705 0110
1698 1705 1706 0110
1702 1706 1707 0001
1698 1707 1708 0110
1564 1560 1709 0110
1643 1709 1710 0001
1564 1710 1711 0110
1711 1708 1712 1001
1254 1250 1713 0110
1333 1713 1714 0001
1254 1714 1715 0110
1708 1715 1716 0110
1712 1716 1717 0001
1708 1717 1718 0110
1574 1570 1719 0110
1643 1719 1720 0001
1574 1720 1721 0110
1721 1718 1722 1001
1264 1260 1723 0110
1333 1723 1724 0001
1264 1724 1725 0110
1718 1725 1726 0110
1722 1726 1727 0001
1718 1727 1728 0110
1584 1580 1729 0110
1643 1729 1730 0001
1584 1730 1731 0110
1731 1728 1732 1001
1274 1270 1733 0110
1333 1733 1734 0001
1274 1734 1735 0110
1728 1735 1736 0110
1732 1736 1737 0001
1728 1737 1738 0110
1594 1590 1739 0110
1643 1739 1740 0001
1594 1740 1741 0110
1741 1738 1742 1001
1284 1280 1743 0110
1333 1743 1744 0001
1284 1744 1745 0110
1738 1745 1746 0110
1742 1746 1747 0001
1738 1747 1748 0110
1604 1600 1749 0110
1643 1749 1750 0001
1604 1750 1751 0110
1751 1748 1752 1001
1294 1290 1753 0110
1333 1753 1754 0001
1294 1754 1755 0110
1748 1755 1756 0110
1752 1756 1757 0001
1748 1757 1758 0110
1614 1610 1759 0110
1643 1759 1760 0001
1614 1760 1761 0110
1761 1758 1762 1001
1304 1300 1763 0110
1333 1763 1764 0001
1304 1764 1765 0110
1758 1765 1766 0110
1762 1766 1767 0001
1758 1767 1768 0110
1624 1620 1769 0110
1643 1769 1770 0001
1624 1770 1771 0110
1771 1768 1772 1001
1314 1310 1773 0110
1333 1773 1774 0001
1314 1774 1775 0110
1768 1775 1776 0110
1772 1776 1777 0001
1768 1777 1778 0110
1634 1630 1779 0110
1643 1779 1780 0001
1634 1780 1781 0110
1781 1778 1782 1001
1324 1320 1783 0110
1333 1783 1784 0001
1324 1784 1785 0110
1778 1785 1786 0110
1782 1786 1787 0001
1778 1787 1788 0110
1640 1638 1789 0001
1789 1788 1790 1001
1330 1328 1791 0001
1788 1791 1792 0110
1790 1792 1793 0001
1788 1793 1794 0110
1336 1646 1795 1001
1794 1795 1796 0001
1336 1796 1797 0110
1026 1797 1798 0001
1798 2028 1799 0110
884 880 1800 0110
1023 1800 1801 0001
884 1801 1802 0110
1802 1799 1803 1001
1655 1651 1804 0110
1794 1804 1805 0001
1655 1805 1806 0110
1798 1806 1807 1001
1803 1807 1808 0001
1799 1808 1809 0110
894 890 1810 0110
1023 1810 1811 0001
894 1811 1812 0110
1812 1809 1813 1001
1665 1661 1814 0110
1794 1814 1815 0001
1665 1815 1816 0110
1809 1816 1817 0110
1813 1817 1818 0001
1809 1818 1819 0110
904 900 1820 0110
1023 1820 1821 0001
904 1821 1822 0110
1822 1819 1823 1001
1675 1671 1824 0110
1794 1824 1825 0001
1675 1825 1826 0110
1819 1826 1827 0110
1823 1827 1828 0001
1819 1828 1829 0110
914 910 1830 0110
1023 1830 1831 0001
914 1831 1832 0110
1832 1829 1833 1001
1685 1681 1834 0110
1794 1834 1835 0001
1685 1835 1836 0110
1829 1836 1837 0110
1833 1837 1838 0001
1829 1838 1839 0110
924 920 1840 0110
1023 1840 1841 0001
924 1841 1842 0110
1839 1842 1843 1001
1695 1691 1844 0110
1794 1844 1845 0001
1695 1845 1846 0110
1846 1839 1847 0110
1843 1847 1848 0001
1839 1848 1849 0110
934 930 1850 0110
1023 1850 1851 0001
934 1851 1852 0110
1852 1849 1853 1001
1705 1701 1854 0110
1794 1854 1855 0001
1705 1855 1856 0110
1849 1856 1857 0110
1853 1857 1858 0001
1849 1858 1859 0110
944 940 1860 0110
1023 1860 1861 0001
944 1861 1862 0110
1862 1859 1863 1001
1715 1711 1864 0110
1794 1864 1865 0001
1715 1865 1866 0110
1859 1866 1867 0110
1863 1867 1868 0001
1859 1868 1869 0110
954 950 1870 0110
1023 1870 1871 0001
954 1871 1872 0110
1872 1869 1873 1001
1725 1721 1874 0110
1794 1874 1875 0001
1725 1875 1876 0110
1869 1876 1877 0110
1873 1877 1878 0001
1869 1878 1879 0110
964 960 1880 0110
1023 1880 1881 0001
964 1881 1882 0110
1882 1879 1883 1001
1735 1731 1884 0110
1794 1884 1885 0001
1735 1885 1886 0110
1879 1886 1887 0110
1883 1887 1888 0001
1879 1888 1889 0110
974 970 1890 0110
1023 1890 1891 0001
974 1891 1892 0110
1892 1889 1893 1001
1745 1741 1894 0110
1794 1894 1895 0001
1745 1895 1896 0110
1889 1896 1897 0110
1893 1897 1898 0001
1889 1898 1899 0110
984 980 1900 0110
1023 1900 1901 0001
984 1901 1902 0110
1902 1899 1903 1001
1755 1751 1904 0110
1794 1904 1905 0001
1755 1905 1906 0110
1899 1906 1907 0110
1903 1907 1908 0001
1899 1908 1909 0110
994 990 1910 0110
1023 1910 1911 0001
994 1911 1912 0110
1912 1909 1913 1001
1765 1761 1914 0110
1794 1914 1915 0001
1765 1915 1916 0110
1909 1916 1917 0110
1913 1917 1918 0001
1909 1918 1919 0110
1004 1000 1920 0110
1023 1920 1921 0001
1004 1921 1922 0110
1922 1919 1923 1001
1775 1771 1924 0110
1794 1924 1925 0001
1775 1925 1926 0110
1919 1926 1927 0110
1923 1927 1928 0001
1919 1928 1929 0110
1014 1010 1930 0110
1023 1930 1931 0001
1014 1931 1932 0110
1932 1929 1933 1001
1785 1781 1934 0110
1794 1934 1935 0001
1785 1935 1936 0110
1929 1936 1937 0110
1933 1937 1938 0001
1929 1938 1939 0110
1018 1020 1940 0001
1940 2028 1941 0110
1941 1939 1942 0110
1791 1789 1943 0001
1939 1943 1944 0110
1942 1944 1945 0001
1939 1945 1946 0110
1846 1842 1947 0110
1946 1947 1948 0001
1948 1846 1949 1001
1836 1832 1950 0110
1946 1950 1951 0001
1951 1836 1952 1001
1826 1822 1953 0110
1946 1953 1954 0001
1954 1826 1955 1001
1816 1812 1956 0110
1946 1956 1957 0001
1957 1816 1958 1001
1806 1802 1959 0110
1946 1959 1960 0001
1960 1806 1961 1001
1797 1026 1962 1001
1946 1962 1963 0001
1963 1797 1964 0110
1943 1941 1965 0001
1965 1946 1966 0001
1943 1966 1967 1001
1936 1932 1968 0110
1946 1968 1969 0001
1969 1936 1970 1001
1926 1922 1971 0110
1946 1971 1972 0001
1972 1926 1973 1001
1916 1912 1974 0110
1946 1974 1975 0001
1975 1916 1976 1001
1906 1902 1977 0110
1946 1977 1978 0001
1978 1906 1979 1001
1896 1892 1980 0110
1946 1980 1981 0001
1981 1896 1982 1001
1886 1882 1983 0110
1946 1983 1984 0001
1984 1886 1985 1001
1876 1872 1986 0110
1946 1986 1987 0001
1987 1876 1988 1001
1866 1862 1989 0110
1946 1989 1990 0001
1990 1866 1991 1001
1856 1852 1992 0110
1946 1992 1993 0001
1993 1856 1994 1001
1794 1023 1995 0110
1946 1995 1996 0001
1794 1996 1997 0110
1333 1643 1998 0110
1997 1998 1999 0001
1333 1999 2000 0110
562 872 2001 0110
1997 2001 2002 0001
2002 562 2003 1001
2000 2003 2004 1001
1946 2004 2005 0001
2000 2005 2006 0110
1103 1182 2007 0110
2006 2007 2008 0001
1103 2008 2009 0110
1413 1492 2010 0110
2006 2010 2011 0001
2011 1413 2012 1001
2009 2012 2013 1001
1997 2013 2014 0001
2009 2014 2015 0110
332 411 2016 0110
2006 2016 2017 0001
332 2017 2018 0110
642 721 2019 0110
2006 2019 2020 0001
2020 642 2021 1001
2018 2021 2022 1001
1997 2022 2023 0001
2023 2015 2024 1001
2018 2024 2025 1001
1946 2025 2026 0001
2015 2026 2027 0110
