# first row is comment
358 4 422
P0 16
0
1
2
3
4
5
6
7
8
9
10
11
12
13
14
15
P1 16
16
17
18
19
20
21
22
23
24
25
26
27
28
29
30
31
P2 16
32
33
34
35
36
37
38
39
40
41
42
43
44
45
46
47
P3 16
48
49
50
51
52
53
54
55
56
57
58
59
60
61
62
63
Out 18
420
370
394
391
388
385
382
379
376
373
417
414
411
408
405
402
399
396
# list of gates
0 0 421 1001
32 421 64 0110
64 48 65 1000
65 421 66 0110
49 66 67 0110
33 421 68 0110
68 66 69 0110
67 69 70 0001
66 70 71 0110
71 50 72 0110
34 421 73 0110
73 71 74 0110
72 74 75 0001
71 75 76 0110
76 51 77 0110
35 421 78 0110
78 76 79 0110
77 79 80 0001
76 80 81 0110
81 52 82 0110
36 421 83 0110
83 81 84 0110
82 84 85 0001
81 85 86 0110
86 53 87 0110
37 421 88 0110
88 86 89 0110
87 89 90 0001
86 90 91 0110
91 54 92 0110
38 421 93 0110
93 91 94 0110
92 94 95 0001
91 95 96 0110
96 55 97 0110
39 96 98 1001
97 98 99 0001
96 99 100 0110
100 56 101 0110
40 421 102 0110
102 100 103 0110
101 103 104 0001
100 104 105 0110
105 57 106 0110
41 421 107 0110
107 105 108 0110
106 108 109 0001
105 109 110 0110
110 58 111 0110
42 421 112 0110
112 110 113 0110
111 113 114 0001
110 114 115 0110
115 59 116 0110
43 421 117 0110
117 115 118 0110
116 118 119 0001
115 119 120 0110
120 60 121 0110
44 421 122 0110
122 120 123 0110
121 123 124 0001
120 124 125 0110
125 61 126 0110
45 421 127 0110
127 125 128 0110
126 128 129 0001
125 129 130 0110
130 62 131 0110
46 421 132 0110
132 130 133 0110
131 133 134 0001
130 134 135 0110
135 63 136 0110
47 135 137 1001
136 137 138 0001
135 138 139 0110
48 32 140 0110
139 140 141 0001
32 141 142 1001
0 421 143 0110
143 16 144 1000
144 421 145 0110
17 145 146 0110
1 421 147 0110
147 145 148 0110
146 148 149 0001
145 149 150 0110
150 18 151 0110
2 421 152 0110
152 150 153 0110
151 153 154 0001
150 154 155 0110
155 19 156 0110
3 421 157 0110
157 155 158 0110
156 158 159 0001
155 159 160 0110
160 20 161 0110
4 421 162 0110
162 160 163 0110
161 163 164 0001
160 164 165 0110
165 21 166 0110
5 421 167 0110
167 165 168 0110
166 168 169 0001
165 169 170 0110
170 22 171 0110
6 421 172 0110
172 170 173 0110
171 173 174 0001
170 174 175 0110
175 23 176 0110
7 421 177 0110
177 175 178 0110
176 178 179 0001
175 179 180 0110
180 24 181 0110
8 421 182 0110
182 180 183 0110
181 183 184 0001
180 184 185 0110
185 25 186 0110
9 421 187 0110
187 185 188 0110
186 188 189 0001
185 189 190 0110
190 26 191 0110
10 421 192 0110
192 190 193 0110
191 193 194 0001
190 194 195 0110
195 27 196 0110
11 421 197 0110
197 195 198 0110
196 198 199 0001
195 199 200 0110
200 28 201 0110
12 421 202 0110
202 200 203 0110
201 203 204 0001
200 204 205 0110
205 29 206 0110
13 421 207 0110
207 205 208 0110
206 208 209 0001
205 209 210 0110
210 30 211 0110
14 421 212 0110
212 210 213 0110
211 213 214 0001
210 214 215 0110
215 31 216 0110
15 215 217 1001
216 217 218 0001
215 218 219 0110
16 0 220 0110
219 220 221 0001
0 221 222 0110
142 222 223 0001
223 421 224 0110
49 33 225 0110
139 225 226 0001
68 226 227 0110
227 224 228 1001
1 17 229 0110
219 229 230 0001
147 230 231 0110
223 231 232 1001
228 232 233 0001
224 233 234 0110
50 34 235 0110
139 235 236 0001
73 236 237 0110
237 234 238 1001
2 18 239 0110
219 239 240 0001
152 240 241 0110
234 241 242 0110
238 242 243 0001
234 243 244 0110
51 35 245 0110
139 245 246 0001
78 246 247 0110
247 244 248 1001
3 19 249 0110
219 249 250 0001
157 250 251 0110
244 251 252 0110
248 252 253 0001
244 253 254 0110
52 36 255 0110
139 255 256 0001
83 256 257 0110
257 254 258 1001
4 20 259 0110
219 259 260 0001
162 260 261 0110
254 261 262 0110
258 262 263 0001
254 263 264 0110
53 37 265 0110
139 265 266 0001
88 266 267 0110
267 264 268 1001
5 21 269 0110
219 269 270 0001
167 270 271 0110
264 271 272 0110
268 272 273 0001
264 273 274 0110
54 38 275 0110
139 275 276 0001
93 276 277 0110
277 274 278 1001
6 22 279 0110
219 279 280 0001
172 280 281 0110
274 281 282 0110
278 282 283 0001
274 283 284 0110
55 39 285 0110
139 285 286 0001
39 286 287 1001
284 287 288 1001
7 23 289 0110
219 289 290 0001
177 290 291 0110
291 284 292 0110
288 292 293 0001
284 293 294 0110
56 40 295 0110
139 295 296 0001
102 296 297 0110
297 294 298 1001
8 24 299 0110
219 299 300 0001
182 300 301 0110
294 301 302 0110
298 302 303 0001
294 303 304 0110
57 41 305 0110
139 305 306 0001
107 306 307 0110
307 304 308 1001
9 25 309 0110
219 309 310 0001
187 310 311 0110
304 311 312 0110
308 312 313 0001
304 313 314 0110
58 42 315 0110
139 315 316 0001
112 316 317 0110
317 314 318 1001
26 10 319 0110
219 319 320 0001
192 320 321 0110
314 321 322 0110
318 322 323 0001
314 323 324 0110
59 43 325 0110
139 325 326 0001
117 326 327 0110
327 324 328 1001
27 11 329 0110
219 329 330 0001
197 330 331 0110
324 331 332 0110
328 332 333 0001
324 333 334 0110
60 44 335 0110
139 335 336 0001
122 336 337 0110
337 334 338 1001
28 12 339 0110
219 339 340 0001
202 340 341 0110
334 341 342 0110
338 342 343 0001
334 343 344 0110
61 45 345 0110
139 345 346 0001
127 346 347 0110
347 344 348 1001
29 13 349 0110
219 349 350 0001
207 350 351 0110
344 351 352 0110
348 352 353 0001
344 353 354 0110
62 46 355 0110
139 355 356 0001
132 356 357 0110
357 354 358 1001
30 14 359 0110
219 359 360 0001
212 360 361 0110
354 361 362 0110
358 362 363 0001
354 363 364 0110
63 47 365 1000
365 364 366 1001
31 15 367 1000
364 367 368 0110
366 368 369 0001
364 369 370 0110
291 287 371 0110
370 371 372 0001
372 291 373 1001
281 277 374 0110
370 374 375 0001
375 281 376 1001
271 267 377 0110
370 377 378 0001
378 271 379 1001
261 257 380 0110
370 380 381 0001
381 261 382 1001
251 247 383 0110
370 383 384 0001
384 251 385 1001
241 237 386 0110
370 386 387 0001
387 241 388 1001
231 227 389 0110
370 389 390 0001
390 231 391 1001
222 142 392 1001
370 392 393 0001
393 222 394 0110
365 367 395 0001
395 421 396 0110
361 357 397 0110
370 397 398 0001
398 361 399 1001
351 347 400 0110
370 400 401 0001
401 351 402 1001
341 337 403 0110
370 403 404 0001
404 341 405 1001
331 327 406 0110
370 406 407 0001
407 331 408 1001
321 317 409 0110
370 409 410 0001
410 321 411 1001
311 307 412 0110
370 412 413 0001
413 311 414 1001
301 297 415 0110
370 415 416 0001
416 301 417 1001
219 139 418 0110
370 418 419 0001
219 419 420 0110
