# first row is comment
3596 16 4108
P0 32
0
1
2
3
4
5
6
7
8
9
10
11
12
13
14
15
16
17
18
19
20
21
22
23
24
25
26
27
28
29
30
31
P1 32
32
33
34
35
36
37
38
39
40
41
42
43
44
45
46
47
48
49
50
51
52
53
54
55
56
57
58
59
60
61
62
63
P2 32
64
65
66
67
68
69
70
71
72
73
74
75
76
77
78
79
80
81
82
83
84
85
86
87
88
89
90
91
92
93
94
95
P3 32
96
97
98
99
100
101
102
103
104
105
106
107
108
109
110
111
112
113
114
115
116
117
118
119
120
121
122
123
124
125
126
127
P4 32
128
129
130
131
132
133
134
135
136
137
138
139
140
141
142
143
144
145
146
147
148
149
150
151
152
153
154
155
156
157
158
159
P5 32
160
161
162
163
164
165
166
167
168
169
170
171
172
173
174
175
176
177
178
179
180
181
182
183
184
185
186
187
188
189
190
191
P6 32
192
193
194
195
196
197
198
199
200
201
202
203
204
205
206
207
208
209
210
211
212
213
214
215
216
217
218
219
220
221
222
223
P7 32
224
225
226
227
228
229
230
231
232
233
234
235
236
237
238
239
240
241
242
243
244
245
246
247
248
249
250
251
252
253
254
255
P8 32
256
257
258
259
260
261
262
263
264
265
266
267
268
269
270
271
272
273
274
275
276
277
278
279
280
281
282
283
284
285
286
287
P9 32
288
289
290
291
292
293
294
295
296
297
298
299
300
301
302
303
304
305
306
307
308
309
310
311
312
313
314
315
316
317
318
319
P10 32
320
321
322
323
324
325
326
327
328
329
330
331
332
333
334
335
336
337
338
339
340
341
342
343
344
345
346
347
348
349
350
351
P11 32
352
353
354
355
356
357
358
359
360
361
362
363
364
365
366
367
368
369
370
371
372
373
374
375
376
377
378
379
380
381
382
383
P12 32
384
385
386
387
388
389
390
391
392
393
394
395
396
397
398
399
400
401
402
403
404
405
406
407
408
409
410
411
412
413
414
415
P13 32
416
417
418
419
420
421
422
423
424
425
426
427
428
429
430
431
432
433
434
435
436
437
438
439
440
441
442
443
444
445
446
447
P14 32
448
449
450
451
452
453
454
455
456
457
458
459
460
461
462
463
464
465
466
467
468
469
470
471
472
473
474
475
476
477
478
479
P15 32
480
481
482
483
484
485
486
487
488
489
490
491
492
493
494
495
496
497
498
499
500
501
502
503
504
505
506
507
508
509
510
511
Out 36
4106
4085
4076
3977
3995
3992
3989
3986
3983
3980
4073
4070
4067
4064
4061
4058
4055
4052
4049
4046
4043
4040
4037
4034
4031
4028
4025
4022
4019
4016
4013
4010
4007
4004
4001
3998
# list of gates
0 0 4107 1001
256 4107 512 0110
512 288 513 1000
513 4107 514 0110
289 514 515 0110
257 4107 516 0110
516 514 517 0110
515 517 518 0001
514 518 519 0110
519 290 520 0110
258 4107 521 0110
521 519 522 0110
520 522 523 0001
519 523 524 0110
524 291 525 0110
259 4107 526 0110
526 524 527 0110
525 527 528 0001
524 528 529 0110
529 292 530 0110
260 4107 531 0110
531 529 532 0110
530 532 533 0001
529 533 534 0110
534 293 535 0110
261 4107 536 0110
536 534 537 0110
535 537 538 0001
534 538 539 0110
539 294 540 0110
262 4107 541 0110
541 539 542 0110
540 542 543 0001
539 543 544 0110
544 295 545 0110
263 4107 546 0110
546 544 547 0110
545 547 548 0001
544 548 549 0110
549 296 550 0110
264 4107 551 0110
551 549 552 0110
550 552 553 0001
549 553 554 0110
554 297 555 0110
265 4107 556 0110
556 554 557 0110
555 557 558 0001
554 558 559 0110
559 298 560 0110
266 4107 561 0110
561 559 562 0110
560 562 563 0001
559 563 564 0110
564 299 565 0110
267 4107 566 0110
566 564 567 0110
565 567 568 0001
564 568 569 0110
569 300 570 0110
268 4107 571 0110
571 569 572 0110
570 572 573 0001
569 573 574 0110
574 301 575 0110
269 4107 576 0110
576 574 577 0110
575 577 578 0001
574 578 579 0110
579 302 580 0110
270 4107 581 0110
581 579 582 0110
580 582 583 0001
579 583 584 0110
584 303 585 0110
271 4107 586 0110
586 584 587 0110
585 587 588 0001
584 588 589 0110
589 304 590 0110
272 4107 591 0110
591 589 592 0110
590 592 593 0001
589 593 594 0110
594 305 595 0110
273 4107 596 0110
596 594 597 0110
595 597 598 0001
594 598 599 0110
599 306 600 0110
274 4107 601 0110
601 599 602 0110
600 602 603 0001
599 603 604 0110
604 307 605 0110
275 4107 606 0110
606 604 607 0110
605 607 608 0001
604 608 609 0110
609 308 610 0110
276 4107 611 0110
611 609 612 0110
610 612 613 0001
609 613 614 0110
614 309 615 0110
277 4107 616 0110
616 614 617 0110
615 617 618 0001
614 618 619 0110
619 310 620 0110
278 4107 621 0110
621 619 622 0110
620 622 623 0001
619 623 624 0110
624 311 625 0110
279 4107 626 0110
626 624 627 0110
625 627 628 0001
624 628 629 0110
629 312 630 0110
280 4107 631 0110
631 629 632 0110
630 632 633 0001
629 633 634 0110
634 313 635 0110
281 4107 636 0110
636 634 637 0110
635 637 638 0001
634 638 639 0110
639 314 640 0110
282 4107 641 0110
641 639 642 0110
640 642 643 0001
639 643 644 0110
644 315 645 0110
283 4107 646 0110
646 644 647 0110
645 647 648 0001
644 648 649 0110
649 316 650 0110
284 4107 651 0110
651 649 652 0110
650 652 653 0001
649 653 654 0110
654 317 655 0110
285 4107 656 0110
656 654 657 0110
655 657 658 0001
654 658 659 0110
659 318 660 0110
286 4107 661 0110
661 659 662 0110
660 662 663 0001
659 663 664 0110
664 319 665 0110
287 664 666 1001
665 666 667 0001
664 667 668 0110
288 256 669 0110
668 669 670 0001
256 670 671 0110
320 4107 672 0110
672 352 673 1000
673 4107 674 0110
353 674 675 0110
321 4107 676 0110
676 674 677 0110
675 677 678 0001
674 678 679 0110
679 354 680 0110
322 4107 681 0110
681 679 682 0110
680 682 683 0001
679 683 684 0110
684 355 685 0110
323 4107 686 0110
686 684 687 0110
685 687 688 0001
684 688 689 0110
689 356 690 0110
324 4107 691 0110
691 689 692 0110
690 692 693 0001
689 693 694 0110
694 357 695 0110
325 694 696 1001
695 696 697 0001
694 697 698 0110
698 358 699 0110
326 4107 700 0110
700 698 701 0110
699 701 702 0001
698 702 703 0110
703 359 704 0110
327 4107 705 0110
705 703 706 0110
704 706 707 0001
703 707 708 0110
708 360 709 0110
328 4107 710 0110
710 708 711 0110
709 711 712 0001
708 712 713 0110
713 361 714 0110
329 4107 715 0110
715 713 716 0110
714 716 717 0001
713 717 718 0110
718 362 719 0110
330 4107 720 0110
720 718 721 0110
719 721 722 0001
718 722 723 0110
723 363 724 0110
331 4107 725 0110
725 723 726 0110
724 726 727 0001
723 727 728 0110
728 364 729 0110
332 4107 730 0110
730 728 731 0110
729 731 732 0001
728 732 733 0110
733 365 734 0110
333 4107 735 0110
735 733 736 0110
734 736 737 0001
733 737 738 0110
738 366 739 0110
334 4107 740 0110
740 738 741 0110
739 741 742 0001
738 742 743 0110
743 367 744 0110
335 4107 745 0110
745 743 746 0110
744 746 747 0001
743 747 748 0110
748 368 749 0110
336 4107 750 0110
750 748 751 0110
749 751 752 0001
748 752 753 0110
753 369 754 0110
337 4107 755 0110
755 753 756 0110
754 756 757 0001
753 757 758 0110
758 370 759 0110
338 4107 760 0110
760 758 761 0110
759 761 762 0001
758 762 763 0110
763 371 764 0110
339 4107 765 0110
765 763 766 0110
764 766 767 0001
763 767 768 0110
768 372 769 0110
340 4107 770 0110
770 768 771 0110
769 771 772 0001
768 772 773 0110
773 373 774 0110
341 4107 775 0110
775 773 776 0110
774 776 777 0001
773 777 778 0110
778 374 779 0110
342 4107 780 0110
780 778 781 0110
779 781 782 0001
778 782 783 0110
783 375 784 0110
343 4107 785 0110
785 783 786 0110
784 786 787 0001
783 787 788 0110
788 376 789 0110
344 4107 790 0110
790 788 791 0110
789 791 792 0001
788 792 793 0110
793 377 794 0110
345 4107 795 0110
795 793 796 0110
794 796 797 0001
793 797 798 0110
798 378 799 0110
346 4107 800 0110
800 798 801 0110
799 801 802 0001
798 802 803 0110
803 379 804 0110
347 4107 805 0110
805 803 806 0110
804 806 807 0001
803 807 808 0110
808 380 809 0110
348 4107 810 0110
810 808 811 0110
809 811 812 0001
808 812 813 0110
813 381 814 0110
349 4107 815 0110
815 813 816 0110
814 816 817 0001
813 817 818 0110
818 382 819 0110
350 4107 820 0110
820 818 821 0110
819 821 822 0001
818 822 823 0110
823 383 824 0110
351 823 825 1001
824 825 826 0001
823 826 827 0110
352 320 828 0110
827 828 829 0001
320 829 830 1001
830 671 831 0001
831 4107 832 0110
353 321 833 0110
827 833 834 0001
676 834 835 0110
835 832 836 1001
289 257 837 0110
668 837 838 0001
516 838 839 0110
831 839 840 1001
836 840 841 0001
832 841 842 0110
354 322 843 0110
827 843 844 0001
681 844 845 0110
845 842 846 1001
290 258 847 0110
668 847 848 0001
521 848 849 0110
842 849 850 0110
846 850 851 0001
842 851 852 0110
355 323 853 0110
827 853 854 0001
686 854 855 0110
855 852 856 1001
291 259 857 0110
668 857 858 0001
526 858 859 0110
852 859 860 0110
856 860 861 0001
852 861 862 0110
356 324 863 0110
827 863 864 0001
691 864 865 0110
865 862 866 1001
292 260 867 0110
668 867 868 0001
531 868 869 0110
862 869 870 0110
866 870 871 0001
862 871 872 0110
357 325 873 0110
827 873 874 0001
325 874 875 1001
872 875 876 1001
293 261 877 0110
668 877 878 0001
536 878 879 0110
879 872 880 0110
876 880 881 0001
872 881 882 0110
358 326 883 0110
827 883 884 0001
700 884 885 0110
885 882 886 1001
294 262 887 0110
668 887 888 0001
541 888 889 0110
882 889 890 0110
886 890 891 0001
882 891 892 0110
359 327 893 0110
827 893 894 0001
705 894 895 0110
895 892 896 1001
295 263 897 0110
668 897 898 0001
546 898 899 0110
892 899 900 0110
896 900 901 0001
892 901 902 0110
360 328 903 0110
827 903 904 0001
710 904 905 0110
905 902 906 1001
296 264 907 0110
668 907 908 0001
551 908 909 0110
902 909 910 0110
906 910 911 0001
902 911 912 0110
361 329 913 0110
827 913 914 0001
715 914 915 0110
915 912 916 1001
297 265 917 0110
668 917 918 0001
556 918 919 0110
912 919 920 0110
916 920 921 0001
912 921 922 0110
362 330 923 0110
827 923 924 0001
720 924 925 0110
925 922 926 1001
298 266 927 0110
668 927 928 0001
561 928 929 0110
922 929 930 0110
926 930 931 0001
922 931 932 0110
363 331 933 0110
827 933 934 0001
725 934 935 0110
935 932 936 1001
299 267 937 0110
668 937 938 0001
566 938 939 0110
932 939 940 0110
936 940 941 0001
932 941 942 0110
364 332 943 0110
827 943 944 0001
730 944 945 0110
945 942 946 1001
300 268 947 0110
668 947 948 0001
571 948 949 0110
942 949 950 0110
946 950 951 0001
942 951 952 0110
365 333 953 0110
827 953 954 0001
735 954 955 0110
955 952 956 1001
301 269 957 0110
668 957 958 0001
576 958 959 0110
952 959 960 0110
956 960 961 0001
952 961 962 0110
366 334 963 0110
827 963 964 0001
740 964 965 0110
965 962 966 1001
302 270 967 0110
668 967 968 0001
581 968 969 0110
962 969 970 0110
966 970 971 0001
962 971 972 0110
367 335 973 0110
827 973 974 0001
745 974 975 0110
975 972 976 1001
303 271 977 0110
668 977 978 0001
586 978 979 0110
972 979 980 0110
976 980 981 0001
972 981 982 0110
368 336 983 0110
827 983 984 0001
750 984 985 0110
985 982 986 1001
304 272 987 0110
668 987 988 0001
591 988 989 0110
982 989 990 0110
986 990 991 0001
982 991 992 0110
369 337 993 0110
827 993 994 0001
755 994 995 0110
995 992 996 1001
305 273 997 0110
668 997 998 0001
596 998 999 0110
992 999 1000 0110
996 1000 1001 0001
992 1001 1002 0110
370 338 1003 0110
827 1003 1004 0001
760 1004 1005 0110
1005 1002 1006 1001
306 274 1007 0110
668 1007 1008 0001
601 1008 1009 0110
1002 1009 1010 0110
1006 1010 1011 0001
1002 1011 1012 0110
371 339 1013 0110
827 1013 1014 0001
765 1014 1015 0110
1015 1012 1016 1001
307 275 1017 0110
668 1017 1018 0001
606 1018 1019 0110
1012 1019 1020 0110
1016 1020 1021 0001
1012 1021 1022 0110
372 340 1023 0110
827 1023 1024 0001
770 1024 1025 0110
1025 1022 1026 1001
308 276 1027 0110
668 1027 1028 0001
611 1028 1029 0110
1022 1029 1030 0110
1026 1030 1031 0001
1022 1031 1032 0110
373 341 1033 0110
827 1033 1034 0001
775 1034 1035 0110
1035 1032 1036 1001
309 277 1037 0110
668 1037 1038 0001
616 1038 1039 0110
1032 1039 1040 0110
1036 1040 1041 0001
1032 1041 1042 0110
374 342 1043 0110
827 1043 1044 0001
780 1044 1045 0110
1045 1042 1046 1001
310 278 1047 0110
668 1047 1048 0001
621 1048 1049 0110
1042 1049 1050 0110
1046 1050 1051 0001
1042 1051 1052 0110
375 343 1053 0110
827 1053 1054 0001
785 1054 1055 0110
1055 1052 1056 1001
311 279 1057 0110
668 1057 1058 0001
626 1058 1059 0110
1052 1059 1060 0110
1056 1060 1061 0001
1052 1061 1062 0110
376 344 1063 0110
827 1063 1064 0001
790 1064 1065 0110
1065 1062 1066 1001
312 280 1067 0110
668 1067 1068 0001
631 1068 1069 0110
1062 1069 1070 0110
1066 1070 1071 0001
1062 1071 1072 0110
377 345 1073 0110
827 1073 1074 0001
795 1074 1075 0110
1075 1072 1076 1001
313 281 1077 0110
668 1077 1078 0001
636 1078 1079 0110
1072 1079 1080 0110
1076 1080 1081 0001
1072 1081 1082 0110
378 346 1083 0110
827 1083 1084 0001
800 1084 1085 0110
1085 1082 1086 1001
314 282 1087 0110
668 1087 1088 0001
641 1088 1089 0110
1082 1089 1090 0110
1086 1090 1091 0001
1082 1091 1092 0110
379 347 1093 0110
827 1093 1094 0001
805 1094 1095 0110
1095 1092 1096 1001
315 283 1097 0110
668 1097 1098 0001
646 1098 1099 0110
1092 1099 1100 0110
1096 1100 1101 0001
1092 1101 1102 0110
380 348 1103 0110
827 1103 1104 0001
810 1104 1105 0110
1105 1102 1106 1001
316 284 1107 0110
668 1107 1108 0001
651 1108 1109 0110
1102 1109 1110 0110
1106 1110 1111 0001
1102 1111 1112 0110
381 349 1113 0110
827 1113 1114 0001
815 1114 1115 0110
1115 1112 1116 1001
317 285 1117 0110
668 1117 1118 0001
656 1118 1119 0110
1112 1119 1120 0110
1116 1120 1121 0001
1112 1121 1122 0110
382 350 1123 0110
827 1123 1124 0001
820 1124 1125 0110
1125 1122 1126 1001
318 286 1127 0110
668 1127 1128 0001
661 1128 1129 0110
1122 1129 1130 0110
1126 1130 1131 0001
1122 1131 1132 0110
383 351 1133 1000
1133 1132 1134 1001
319 287 1135 1000
1135 4107 1136 0110
1132 1136 1137 1001
1134 1137 1138 0001
1132 1138 1139 0110
671 830 1140 1001
1139 1140 1141 0001
671 1141 1142 0110
384 4107 1143 0110
1143 416 1144 1000
1144 4107 1145 0110
417 1145 1146 0110
385 4107 1147 0110
1147 1145 1148 0110
1146 1148 1149 0001
1145 1149 1150 0110
1150 418 1151 0110
386 4107 1152 0110
1152 1150 1153 0110
1151 1153 1154 0001
1150 1154 1155 0110
1155 419 1156 0110
387 4107 1157 0110
1157 1155 1158 0110
1156 1158 1159 0001
1155 1159 1160 0110
1160 420 1161 0110
388 4107 1162 0110
1162 1160 1163 0110
1161 1163 1164 0001
1160 1164 1165 0110
1165 421 1166 0110
389 4107 1167 0110
1167 1165 1168 0110
1166 1168 1169 0001
1165 1169 1170 0110
1170 422 1171 0110
390 4107 1172 0110
1172 1170 1173 0110
1171 1173 1174 0001
1170 1174 1175 0110
1175 423 1176 0110
391 4107 1177 0110
1177 1175 1178 0110
1176 1178 1179 0001
1175 1179 1180 0110
1180 424 1181 0110
392 4107 1182 0110
1182 1180 1183 0110
1181 1183 1184 0001
1180 1184 1185 0110
1185 425 1186 0110
393 4107 1187 0110
1187 1185 1188 0110
1186 1188 1189 0001
1185 1189 1190 0110
1190 426 1191 0110
394 4107 1192 0110
1192 1190 1193 0110
1191 1193 1194 0001
1190 1194 1195 0110
1195 427 1196 0110
395 4107 1197 0110
1197 1195 1198 0110
1196 1198 1199 0001
1195 1199 1200 0110
1200 428 1201 0110
396 4107 1202 0110
1202 1200 1203 0110
1201 1203 1204 0001
1200 1204 1205 0110
1205 429 1206 0110
397 4107 1207 0110
1207 1205 1208 0110
1206 1208 1209 0001
1205 1209 1210 0110
1210 430 1211 0110
398 4107 1212 0110
1212 1210 1213 0110
1211 1213 1214 0001
1210 1214 1215 0110
1215 431 1216 0110
399 4107 1217 0110
1217 1215 1218 0110
1216 1218 1219 0001
1215 1219 1220 0110
1220 432 1221 0110
400 4107 1222 0110
1222 1220 1223 0110
1221 1223 1224 0001
1220 1224 1225 0110
1225 433 1226 0110
401 4107 1227 0110
1227 1225 1228 0110
1226 1228 1229 0001
1225 1229 1230 0110
1230 434 1231 0110
402 4107 1232 0110
1232 1230 1233 0110
1231 1233 1234 0001
1230 1234 1235 0110
1235 435 1236 0110
403 4107 1237 0110
1237 1235 1238 0110
1236 1238 1239 0001
1235 1239 1240 0110
1240 436 1241 0110
404 4107 1242 0110
1242 1240 1243 0110
1241 1243 1244 0001
1240 1244 1245 0110
1245 437 1246 0110
405 4107 1247 0110
1247 1245 1248 0110
1246 1248 1249 0001
1245 1249 1250 0110
1250 438 1251 0110
406 4107 1252 0110
1252 1250 1253 0110
1251 1253 1254 0001
1250 1254 1255 0110
1255 439 1256 0110
407 4107 1257 0110
1257 1255 1258 0110
1256 1258 1259 0001
1255 1259 1260 0110
1260 440 1261 0110
408 4107 1262 0110
1262 1260 1263 0110
1261 1263 1264 0001
1260 1264 1265 0110
1265 441 1266 0110
409 4107 1267 0110
1267 1265 1268 0110
1266 1268 1269 0001
1265 1269 1270 0110
1270 442 1271 0110
410 4107 1272 0110
1272 1270 1273 0110
1271 1273 1274 0001
1270 1274 1275 0110
1275 443 1276 0110
411 4107 1277 0110
1277 1275 1278 0110
1276 1278 1279 0001
1275 1279 1280 0110
1280 444 1281 0110
412 4107 1282 0110
1282 1280 1283 0110
1281 1283 1284 0001
1280 1284 1285 0110
1285 445 1286 0110
413 4107 1287 0110
1287 1285 1288 0110
1286 1288 1289 0001
1285 1289 1290 0110
1290 446 1291 0110
414 4107 1292 0110
1292 1290 1293 0110
1291 1293 1294 0001
1290 1294 1295 0110
1295 447 1296 0110
415 1295 1297 1001
1296 1297 1298 0001
1295 1298 1299 0110
416 384 1300 0110
1299 1300 1301 0001
384 1301 1302 0110
448 4107 1303 0110
1303 480 1304 1000
1304 4107 1305 0110
481 1305 1306 0110
449 4107 1307 0110
1307 1305 1308 0110
1306 1308 1309 0001
1305 1309 1310 0110
1310 482 1311 0110
450 4107 1312 0110
1312 1310 1313 0110
1311 1313 1314 0001
1310 1314 1315 0110
1315 483 1316 0110
451 4107 1317 0110
1317 1315 1318 0110
1316 1318 1319 0001
1315 1319 1320 0110
1320 484 1321 0110
452 4107 1322 0110
1322 1320 1323 0110
1321 1323 1324 0001
1320 1324 1325 0110
1325 485 1326 0110
453 1325 1327 1001
1326 1327 1328 0001
1325 1328 1329 0110
1329 486 1330 0110
454 4107 1331 0110
1331 1329 1332 0110
1330 1332 1333 0001
1329 1333 1334 0110
1334 487 1335 0110
455 4107 1336 0110
1336 1334 1337 0110
1335 1337 1338 0001
1334 1338 1339 0110
1339 488 1340 0110
456 4107 1341 0110
1341 1339 1342 0110
1340 1342 1343 0001
1339 1343 1344 0110
1344 489 1345 0110
457 4107 1346 0110
1346 1344 1347 0110
1345 1347 1348 0001
1344 1348 1349 0110
1349 490 1350 0110
458 4107 1351 0110
1351 1349 1352 0110
1350 1352 1353 0001
1349 1353 1354 0110
1354 491 1355 0110
459 4107 1356 0110
1356 1354 1357 0110
1355 1357 1358 0001
1354 1358 1359 0110
1359 492 1360 0110
460 4107 1361 0110
1361 1359 1362 0110
1360 1362 1363 0001
1359 1363 1364 0110
1364 493 1365 0110
461 4107 1366 0110
1366 1364 1367 0110
1365 1367 1368 0001
1364 1368 1369 0110
1369 494 1370 0110
462 4107 1371 0110
1371 1369 1372 0110
1370 1372 1373 0001
1369 1373 1374 0110
1374 495 1375 0110
463 4107 1376 0110
1376 1374 1377 0110
1375 1377 1378 0001
1374 1378 1379 0110
1379 496 1380 0110
464 4107 1381 0110
1381 1379 1382 0110
1380 1382 1383 0001
1379 1383 1384 0110
1384 497 1385 0110
465 4107 1386 0110
1386 1384 1387 0110
1385 1387 1388 0001
1384 1388 1389 0110
1389 498 1390 0110
466 4107 1391 0110
1391 1389 1392 0110
1390 1392 1393 0001
1389 1393 1394 0110
1394 499 1395 0110
467 4107 1396 0110
1396 1394 1397 0110
1395 1397 1398 0001
1394 1398 1399 0110
1399 500 1400 0110
468 4107 1401 0110
1401 1399 1402 0110
1400 1402 1403 0001
1399 1403 1404 0110
1404 501 1405 0110
469 4107 1406 0110
1406 1404 1407 0110
1405 1407 1408 0001
1404 1408 1409 0110
1409 502 1410 0110
470 4107 1411 0110
1411 1409 1412 0110
1410 1412 1413 0001
1409 1413 1414 0110
1414 503 1415 0110
471 4107 1416 0110
1416 1414 1417 0110
1415 1417 1418 0001
1414 1418 1419 0110
1419 504 1420 0110
472 4107 1421 0110
1421 1419 1422 0110
1420 1422 1423 0001
1419 1423 1424 0110
1424 505 1425 0110
473 4107 1426 0110
1426 1424 1427 0110
1425 1427 1428 0001
1424 1428 1429 0110
1429 506 1430 0110
474 4107 1431 0110
1431 1429 1432 0110
1430 1432 1433 0001
1429 1433 1434 0110
1434 507 1435 0110
475 4107 1436 0110
1436 1434 1437 0110
1435 1437 1438 0001
1434 1438 1439 0110
1439 508 1440 0110
476 4107 1441 0110
1441 1439 1442 0110
1440 1442 1443 0001
1439 1443 1444 0110
1444 509 1445 0110
477 4107 1446 0110
1446 1444 1447 0110
1445 1447 1448 0001
1444 1448 1449 0110
1449 510 1450 0110
478 4107 1451 0110
1451 1449 1452 0110
1450 1452 1453 0001
1449 1453 1454 0110
1454 511 1455 0110
479 1454 1456 1001
1455 1456 1457 0001
1454 1457 1458 0110
480 448 1459 0110
1458 1459 1460 0001
448 1460 1461 1001
1461 1302 1462 0001
1462 4107 1463 0110
481 449 1464 0110
1458 1464 1465 0001
1307 1465 1466 0110
1466 1463 1467 1001
417 385 1468 0110
1299 1468 1469 0001
1147 1469 1470 0110
1462 1470 1471 1001
1467 1471 1472 0001
1463 1472 1473 0110
482 450 1474 0110
1458 1474 1475 0001
1312 1475 1476 0110
1476 1473 1477 1001
418 386 1478 0110
1299 1478 1479 0001
1152 1479 1480 0110
1473 1480 1481 0110
1477 1481 1482 0001
1473 1482 1483 0110
483 451 1484 0110
1458 1484 1485 0001
1317 1485 1486 0110
1486 1483 1487 1001
419 387 1488 0110
1299 1488 1489 0001
1157 1489 1490 0110
1483 1490 1491 0110
1487 1491 1492 0001
1483 1492 1493 0110
484 452 1494 0110
1458 1494 1495 0001
1322 1495 1496 0110
1496 1493 1497 1001
420 388 1498 0110
1299 1498 1499 0001
1162 1499 1500 0110
1493 1500 1501 0110
1497 1501 1502 0001
1493 1502 1503 0110
485 453 1504 0110
1458 1504 1505 0001
453 1505 1506 1001
1503 1506 1507 1001
421 389 1508 0110
1299 1508 1509 0001
1167 1509 1510 0110
1510 1503 1511 0110
1507 1511 1512 0001
1503 1512 1513 0110
486 454 1514 0110
1458 1514 1515 0001
1331 1515 1516 0110
1516 1513 1517 1001
422 390 1518 0110
1299 1518 1519 0001
1172 1519 1520 0110
1513 1520 1521 0110
1517 1521 1522 0001
1513 1522 1523 0110
487 455 1524 0110
1458 1524 1525 0001
1336 1525 1526 0110
1526 1523 1527 1001
423 391 1528 0110
1299 1528 1529 0001
1177 1529 1530 0110
1523 1530 1531 0110
1527 1531 1532 0001
1523 1532 1533 0110
488 456 1534 0110
1458 1534 1535 0001
1341 1535 1536 0110
1536 1533 1537 1001
424 392 1538 0110
1299 1538 1539 0001
1182 1539 1540 0110
1533 1540 1541 0110
1537 1541 1542 0001
1533 1542 1543 0110
489 457 1544 0110
1458 1544 1545 0001
1346 1545 1546 0110
1546 1543 1547 1001
425 393 1548 0110
1299 1548 1549 0001
1187 1549 1550 0110
1543 1550 1551 0110
1547 1551 1552 0001
1543 1552 1553 0110
490 458 1554 0110
1458 1554 1555 0001
1351 1555 1556 0110
1556 1553 1557 1001
426 394 1558 0110
1299 1558 1559 0001
1192 1559 1560 0110
1553 1560 1561 0110
1557 1561 1562 0001
1553 1562 1563 0110
491 459 1564 0110
1458 1564 1565 0001
1356 1565 1566 0110
1566 1563 1567 1001
427 395 1568 0110
1299 1568 1569 0001
1197 1569 1570 0110
1563 1570 1571 0110
1567 1571 1572 0001
1563 1572 1573 0110
492 460 1574 0110
1458 1574 1575 0001
1361 1575 1576 0110
1576 1573 1577 1001
428 396 1578 0110
1299 1578 1579 0001
1202 1579 1580 0110
1573 1580 1581 0110
1577 1581 1582 0001
1573 1582 1583 0110
493 461 1584 0110
1458 1584 1585 0001
1366 1585 1586 0110
1586 1583 1587 1001
429 397 1588 0110
1299 1588 1589 0001
1207 1589 1590 0110
1583 1590 1591 0110
1587 1591 1592 0001
1583 1592 1593 0110
494 462 1594 0110
1458 1594 1595 0001
1371 1595 1596 0110
1596 1593 1597 1001
430 398 1598 0110
1299 1598 1599 0001
1212 1599 1600 0110
1593 1600 1601 0110
1597 1601 1602 0001
1593 1602 1603 0110
495 463 1604 0110
1458 1604 1605 0001
1376 1605 1606 0110
1606 1603 1607 1001
431 399 1608 0110
1299 1608 1609 0001
1217 1609 1610 0110
1603 1610 1611 0110
1607 1611 1612 0001
1603 1612 1613 0110
496 464 1614 0110
1458 1614 1615 0001
1381 1615 1616 0110
1616 1613 1617 1001
432 400 1618 0110
1299 1618 1619 0001
1222 1619 1620 0110
1613 1620 1621 0110
1617 1621 1622 0001
1613 1622 1623 0110
497 465 1624 0110
1458 1624 1625 0001
1386 1625 1626 0110
1626 1623 1627 1001
433 401 1628 0110
1299 1628 1629 0001
1227 1629 1630 0110
1623 1630 1631 0110
1627 1631 1632 0001
1623 1632 1633 0110
498 466 1634 0110
1458 1634 1635 0001
1391 1635 1636 0110
1636 1633 1637 1001
434 402 1638 0110
1299 1638 1639 0001
1232 1639 1640 0110
1633 1640 1641 0110
1637 1641 1642 0001
1633 1642 1643 0110
499 467 1644 0110
1458 1644 1645 0001
1396 1645 1646 0110
1646 1643 1647 1001
435 403 1648 0110
1299 1648 1649 0001
1237 1649 1650 0110
1643 1650 1651 0110
1647 1651 1652 0001
1643 1652 1653 0110
500 468 1654 0110
1458 1654 1655 0001
1401 1655 1656 0110
1656 1653 1657 1001
436 404 1658 0110
1299 1658 1659 0001
1242 1659 1660 0110
1653 1660 1661 0110
1657 1661 1662 0001
1653 1662 1663 0110
501 469 1664 0110
1458 1664 1665 0001
1406 1665 1666 0110
1666 1663 1667 1001
437 405 1668 0110
1299 1668 1669 0001
1247 1669 1670 0110
1663 1670 1671 0110
1667 1671 1672 0001
1663 1672 1673 0110
502 470 1674 0110
1458 1674 1675 0001
1411 1675 1676 0110
1676 1673 1677 1001
438 406 1678 0110
1299 1678 1679 0001
1252 1679 1680 0110
1673 1680 1681 0110
1677 1681 1682 0001
1673 1682 1683 0110
503 471 1684 0110
1458 1684 1685 0001
1416 1685 1686 0110
1686 1683 1687 1001
439 407 1688 0110
1299 1688 1689 0001
1257 1689 1690 0110
1683 1690 1691 0110
1687 1691 1692 0001
1683 1692 1693 0110
504 472 1694 0110
1458 1694 1695 0001
1421 1695 1696 0110
1696 1693 1697 1001
440 408 1698 0110
1299 1698 1699 0001
1262 1699 1700 0110
1693 1700 1701 0110
1697 1701 1702 0001
1693 1702 1703 0110
505 473 1704 0110
1458 1704 1705 0001
1426 1705 1706 0110
1706 1703 1707 1001
441 409 1708 0110
1299 1708 1709 0001
1267 1709 1710 0110
1703 1710 1711 0110
1707 1711 1712 0001
1703 1712 1713 0110
506 474 1714 0110
1458 1714 1715 0001
1431 1715 1716 0110
1716 1713 1717 1001
442 410 1718 0110
1299 1718 1719 0001
1272 1719 1720 0110
1713 1720 1721 0110
1717 1721 1722 0001
1713 1722 1723 0110
507 475 1724 0110
1458 1724 1725 0001
1436 1725 1726 0110
1726 1723 1727 1001
443 411 1728 0110
1299 1728 1729 0001
1277 1729 1730 0110
1723 1730 1731 0110
1727 1731 1732 0001
1723 1732 1733 0110
508 476 1734 0110
1458 1734 1735 0001
1441 1735 1736 0110
1736 1733 1737 1001
444 412 1738 0110
1299 1738 1739 0001
1282 1739 1740 0110
1733 1740 1741 0110
1737 1741 1742 0001
1733 1742 1743 0110
509 477 1744 0110
1458 1744 1745 0001
1446 1745 1746 0110
1746 1743 1747 1001
445 413 1748 0110
1299 1748 1749 0001
1287 1749 1750 0110
1743 1750 1751 0110
1747 1751 1752 0001
1743 1752 1753 0110
510 478 1754 0110
1458 1754 1755 0001
1451 1755 1756 0110
1756 1753 1757 1001
446 414 1758 0110
1299 1758 1759 0001
1292 1759 1760 0110
1753 1760 1761 0110
1757 1761 1762 0001
1753 1762 1763 0110
511 479 1764 1000
1764 4107 1765 0110
1765 1763 1766 0110
447 415 1767 1000
1763 1767 1768 0110
1766 1768 1769 0001
1763 1769 1770 0110
1302 1461 1771 1001
1770 1771 1772 0001
1302 1772 1773 1001
1773 1142 1774 0001
1774 4107 1775 0110
1470 1466 1776 0110
1770 1776 1777 0001
1470 1777 1778 0110
1778 1775 1779 1001
839 835 1780 0110
1139 1780 1781 0001
839 1781 1782 0110
1774 1782 1783 1001
1779 1783 1784 0001
1775 1784 1785 0110
1480 1476 1786 0110
1770 1786 1787 0001
1480 1787 1788 0110
1788 1785 1789 1001
849 845 1790 0110
1139 1790 1791 0001
849 1791 1792 0110
1785 1792 1793 0110
1789 1793 1794 0001
1785 1794 1795 0110
1490 1486 1796 0110
1770 1796 1797 0001
1490 1797 1798 0110
1798 1795 1799 1001
859 855 1800 0110
1139 1800 1801 0001
859 1801 1802 0110
1795 1802 1803 0110
1799 1803 1804 0001
1795 1804 1805 0110
1500 1496 1806 0110
1770 1806 1807 0001
1500 1807 1808 0110
1808 1805 1809 1001
869 865 1810 0110
1139 1810 1811 0001
869 1811 1812 0110
1805 1812 1813 0110
1809 1813 1814 0001
1805 1814 1815 0110
1510 1506 1816 0110
1770 1816 1817 0001
1510 1817 1818 0110
1815 1818 1819 1001
879 875 1820 0110
1139 1820 1821 0001
879 1821 1822 0110
1822 1815 1823 0110
1819 1823 1824 0001
1815 1824 1825 0110
1520 1516 1826 0110
1770 1826 1827 0001
1520 1827 1828 0110
1828 1825 1829 1001
889 885 1830 0110
1139 1830 1831 0001
889 1831 1832 0110
1825 1832 1833 0110
1829 1833 1834 0001
1825 1834 1835 0110
1530 1526 1836 0110
1770 1836 1837 0001
1530 1837 1838 0110
1838 1835 1839 1001
899 895 1840 0110
1139 1840 1841 0001
899 1841 1842 0110
1835 1842 1843 0110
1839 1843 1844 0001
1835 1844 1845 0110
1540 1536 1846 0110
1770 1846 1847 0001
1540 1847 1848 0110
1848 1845 1849 1001
909 905 1850 0110
1139 1850 1851 0001
909 1851 1852 0110
1845 1852 1853 0110
1849 1853 1854 0001
1845 1854 1855 0110
1550 1546 1856 0110
1770 1856 1857 0001
1550 1857 1858 0110
1858 1855 1859 1001
919 915 1860 0110
1139 1860 1861 0001
919 1861 1862 0110
1855 1862 1863 0110
1859 1863 1864 0001
1855 1864 1865 0110
1560 1556 1866 0110
1770 1866 1867 0001
1560 1867 1868 0110
1868 1865 1869 1001
929 925 1870 0110
1139 1870 1871 0001
929 1871 1872 0110
1865 1872 1873 0110
1869 1873 1874 0001
1865 1874 1875 0110
1570 1566 1876 0110
1770 1876 1877 0001
1570 1877 1878 0110
1878 1875 1879 1001
939 935 1880 0110
1139 1880 1881 0001
939 1881 1882 0110
1875 1882 1883 0110
1879 1883 1884 0001
1875 1884 1885 0110
1580 1576 1886 0110
1770 1886 1887 0001
1580 1887 1888 0110
1888 1885 1889 1001
949 945 1890 0110
1139 1890 1891 0001
949 1891 1892 0110
1885 1892 1893 0110
1889 1893 1894 0001
1885 1894 1895 0110
1590 1586 1896 0110
1770 1896 1897 0001
1590 1897 1898 0110
1898 1895 1899 1001
959 955 1900 0110
1139 1900 1901 0001
959 1901 1902 0110
1895 1902 1903 0110
1899 1903 1904 0001
1895 1904 1905 0110
1600 1596 1906 0110
1770 1906 1907 0001
1600 1907 1908 0110
1908 1905 1909 1001
969 965 1910 0110
1139 1910 1911 0001
969 1911 1912 0110
1905 1912 1913 0110
1909 1913 1914 0001
1905 1914 1915 0110
1610 1606 1916 0110
1770 1916 1917 0001
1610 1917 1918 0110
1918 1915 1919 1001
979 975 1920 0110
1139 1920 1921 0001
979 1921 1922 0110
1915 1922 1923 0110
1919 1923 1924 0001
1915 1924 1925 0110
1620 1616 1926 0110
1770 1926 1927 0001
1620 1927 1928 0110
1928 1925 1929 1001
989 985 1930 0110
1139 1930 1931 0001
989 1931 1932 0110
1925 1932 1933 0110
1929 1933 1934 0001
1925 1934 1935 0110
1630 1626 1936 0110
1770 1936 1937 0001
1630 1937 1938 0110
1938 1935 1939 1001
999 995 1940 0110
1139 1940 1941 0001
999 1941 1942 0110
1935 1942 1943 0110
1939 1943 1944 0001
1935 1944 1945 0110
1640 1636 1946 0110
1770 1946 1947 0001
1640 1947 1948 0110
1948 1945 1949 1001
1009 1005 1950 0110
1139 1950 1951 0001
1009 1951 1952 0110
1945 1952 1953 0110
1949 1953 1954 0001
1945 1954 1955 0110
1650 1646 1956 0110
1770 1956 1957 0001
1650 1957 1958 0110
1958 1955 1959 1001
1019 1015 1960 0110
1139 1960 1961 0001
1019 1961 1962 0110
1955 1962 1963 0110
1959 1963 1964 0001
1955 1964 1965 0110
1660 1656 1966 0110
1770 1966 1967 0001
1660 1967 1968 0110
1968 1965 1969 1001
1029 1025 1970 0110
1139 1970 1971 0001
1029 1971 1972 0110
1965 1972 1973 0110
1969 1973 1974 0001
1965 1974 1975 0110
1670 1666 1976 0110
1770 1976 1977 0001
1670 1977 1978 0110
1978 1975 1979 1001
1039 1035 1980 0110
1139 1980 1981 0001
1039 1981 1982 0110
1975 1982 1983 0110
1979 1983 1984 0001
1975 1984 1985 0110
1680 1676 1986 0110
1770 1986 1987 0001
1680 1987 1988 0110
1988 1985 1989 1001
1049 1045 1990 0110
1139 1990 1991 0001
1049 1991 1992 0110
1985 1992 1993 0110
1989 1993 1994 0001
1985 1994 1995 0110
1690 1686 1996 0110
1770 1996 1997 0001
1690 1997 1998 0110
1998 1995 1999 1001
1059 1055 2000 0110
1139 2000 2001 0001
1059 2001 2002 0110
1995 2002 2003 0110
1999 2003 2004 0001
1995 2004 2005 0110
1700 1696 2006 0110
1770 2006 2007 0001
1700 2007 2008 0110
2008 2005 2009 1001
1069 1065 2010 0110
1139 2010 2011 0001
1069 2011 2012 0110
2005 2012 2013 0110
2009 2013 2014 0001
2005 2014 2015 0110
1710 1706 2016 0110
1770 2016 2017 0001
1710 2017 2018 0110
2018 2015 2019 1001
1079 1075 2020 0110
1139 2020 2021 0001
1079 2021 2022 0110
2015 2022 2023 0110
2019 2023 2024 0001
2015 2024 2025 0110
1720 1716 2026 0110
1770 2026 2027 0001
1720 2027 2028 0110
2028 2025 2029 1001
1089 1085 2030 0110
1139 2030 2031 0001
1089 2031 2032 0110
2025 2032 2033 0110
2029 2033 2034 0001
2025 2034 2035 0110
1730 1726 2036 0110
1770 2036 2037 0001
1730 2037 2038 0110
2038 2035 2039 1001
1099 1095 2040 0110
1139 2040 2041 0001
1099 2041 2042 0110
2035 2042 2043 0110
2039 2043 2044 0001
2035 2044 2045 0110
1740 1736 2046 0110
1770 2046 2047 0001
1740 2047 2048 0110
2048 2045 2049 1001
1109 1105 2050 0110
1139 2050 2051 0001
1109 2051 2052 0110
2045 2052 2053 0110
2049 2053 2054 0001
2045 2054 2055 0110
1750 1746 2056 0110
1770 2056 2057 0001
1750 2057 2058 0110
2058 2055 2059 1001
1119 1115 2060 0110
1139 2060 2061 0001
1119 2061 2062 0110
2055 2062 2063 0110
2059 2063 2064 0001
2055 2064 2065 0110
1760 1756 2066 0110
1770 2066 2067 0001
1760 2067 2068 0110
2068 2065 2069 1001
1129 1125 2070 0110
1139 2070 2071 0001
1129 2071 2072 0110
2065 2072 2073 0110
2069 2073 2074 0001
2065 2074 2075 0110
1767 1765 2076 0001
2076 1770 2077 0001
1767 2077 2078 1001
2075 2078 2079 0110
1136 1133 2080 1000
2080 1139 2081 0001
1136 2081 2082 0110
2082 2075 2083 1001
2079 2083 2084 0001
2075 2084 2085 0110
1142 1773 2086 1001
2085 2086 2087 0001
1142 2087 2088 1001
0 4107 2089 0110
2089 32 2090 1000
2090 4107 2091 0110
33 2091 2092 0110
1 4107 2093 0110
2093 2091 2094 0110
2092 2094 2095 0001
2091 2095 2096 0110
2096 34 2097 0110
2 4107 2098 0110
2098 2096 2099 0110
2097 2099 2100 0001
2096 2100 2101 0110
2101 35 2102 0110
3 4107 2103 0110
2103 2101 2104 0110
2102 2104 2105 0001
2101 2105 2106 0110
2106 36 2107 0110
4 4107 2108 0110
2108 2106 2109 0110
2107 2109 2110 0001
2106 2110 2111 0110
2111 37 2112 0110
5 4107 2113 0110
2113 2111 2114 0110
2112 2114 2115 0001
2111 2115 2116 0110
2116 38 2117 0110
6 4107 2118 0110
2118 2116 2119 0110
2117 2119 2120 0001
2116 2120 2121 0110
2121 39 2122 0110
7 4107 2123 0110
2123 2121 2124 0110
2122 2124 2125 0001
2121 2125 2126 0110
2126 40 2127 0110
8 4107 2128 0110
2128 2126 2129 0110
2127 2129 2130 0001
2126 2130 2131 0110
2131 41 2132 0110
9 4107 2133 0110
2133 2131 2134 0110
2132 2134 2135 0001
2131 2135 2136 0110
2136 42 2137 0110
10 4107 2138 0110
2138 2136 2139 0110
2137 2139 2140 0001
2136 2140 2141 0110
2141 43 2142 0110
11 4107 2143 0110
2143 2141 2144 0110
2142 2144 2145 0001
2141 2145 2146 0110
2146 44 2147 0110
12 4107 2148 0110
2148 2146 2149 0110
2147 2149 2150 0001
2146 2150 2151 0110
2151 45 2152 0110
13 4107 2153 0110
2153 2151 2154 0110
2152 2154 2155 0001
2151 2155 2156 0110
2156 46 2157 0110
14 4107 2158 0110
2158 2156 2159 0110
2157 2159 2160 0001
2156 2160 2161 0110
2161 47 2162 0110
15 4107 2163 0110
2163 2161 2164 0110
2162 2164 2165 0001
2161 2165 2166 0110
2166 48 2167 0110
16 4107 2168 0110
2168 2166 2169 0110
2167 2169 2170 0001
2166 2170 2171 0110
2171 49 2172 0110
17 4107 2173 0110
2173 2171 2174 0110
2172 2174 2175 0001
2171 2175 2176 0110
2176 50 2177 0110
18 4107 2178 0110
2178 2176 2179 0110
2177 2179 2180 0001
2176 2180 2181 0110
2181 51 2182 0110
19 4107 2183 0110
2183 2181 2184 0110
2182 2184 2185 0001
2181 2185 2186 0110
2186 52 2187 0110
20 4107 2188 0110
2188 2186 2189 0110
2187 2189 2190 0001
2186 2190 2191 0110
2191 53 2192 0110
21 4107 2193 0110
2193 2191 2194 0110
2192 2194 2195 0001
2191 2195 2196 0110
2196 54 2197 0110
22 4107 2198 0110
2198 2196 2199 0110
2197 2199 2200 0001
2196 2200 2201 0110
2201 55 2202 0110
23 4107 2203 0110
2203 2201 2204 0110
2202 2204 2205 0001
2201 2205 2206 0110
2206 56 2207 0110
24 4107 2208 0110
2208 2206 2209 0110
2207 2209 2210 0001
2206 2210 2211 0110
2211 57 2212 0110
25 4107 2213 0110
2213 2211 2214 0110
2212 2214 2215 0001
2211 2215 2216 0110
2216 58 2217 0110
26 4107 2218 0110
2218 2216 2219 0110
2217 2219 2220 0001
2216 2220 2221 0110
2221 59 2222 0110
27 4107 2223 0110
2223 2221 2224 0110
2222 2224 2225 0001
2221 2225 2226 0110
2226 60 2227 0110
28 4107 2228 0110
2228 2226 2229 0110
2227 2229 2230 0001
2226 2230 2231 0110
2231 61 2232 0110
29 4107 2233 0110
2233 2231 2234 0110
2232 2234 2235 0001
2231 2235 2236 0110
2236 62 2237 0110
30 4107 2238 0110
2238 2236 2239 0110
2237 2239 2240 0001
2236 2240 2241 0110
2241 63 2242 0110
31 2241 2243 1001
2242 2243 2244 0001
2241 2244 2245 0110
32 0 2246 0110
2245 2246 2247 0001
0 2247 2248 0110
64 4107 2249 0110
2249 96 2250 1000
2250 4107 2251 0110
97 2251 2252 0110
65 4107 2253 0110
2253 2251 2254 0110
2252 2254 2255 0001
2251 2255 2256 0110
2256 98 2257 0110
66 4107 2258 0110
2258 2256 2259 0110
2257 2259 2260 0001
2256 2260 2261 0110
2261 99 2262 0110
67 4107 2263 0110
2263 2261 2264 0110
2262 2264 2265 0001
2261 2265 2266 0110
2266 100 2267 0110
68 4107 2268 0110
2268 2266 2269 0110
2267 2269 2270 0001
2266 2270 2271 0110
2271 101 2272 0110
69 2271 2273 1001
2272 2273 2274 0001
2271 2274 2275 0110
2275 102 2276 0110
70 4107 2277 0110
2277 2275 2278 0110
2276 2278 2279 0001
2275 2279 2280 0110
2280 103 2281 0110
71 4107 2282 0110
2282 2280 2283 0110
2281 2283 2284 0001
2280 2284 2285 0110
2285 104 2286 0110
72 4107 2287 0110
2287 2285 2288 0110
2286 2288 2289 0001
2285 2289 2290 0110
2290 105 2291 0110
73 4107 2292 0110
2292 2290 2293 0110
2291 2293 2294 0001
2290 2294 2295 0110
2295 106 2296 0110
74 4107 2297 0110
2297 2295 2298 0110
2296 2298 2299 0001
2295 2299 2300 0110
2300 107 2301 0110
75 4107 2302 0110
2302 2300 2303 0110
2301 2303 2304 0001
2300 2304 2305 0110
2305 108 2306 0110
76 4107 2307 0110
2307 2305 2308 0110
2306 2308 2309 0001
2305 2309 2310 0110
2310 109 2311 0110
77 4107 2312 0110
2312 2310 2313 0110
2311 2313 2314 0001
2310 2314 2315 0110
2315 110 2316 0110
78 4107 2317 0110
2317 2315 2318 0110
2316 2318 2319 0001
2315 2319 2320 0110
2320 111 2321 0110
79 4107 2322 0110
2322 2320 2323 0110
2321 2323 2324 0001
2320 2324 2325 0110
2325 112 2326 0110
80 4107 2327 0110
2327 2325 2328 0110
2326 2328 2329 0001
2325 2329 2330 0110
2330 113 2331 0110
81 4107 2332 0110
2332 2330 2333 0110
2331 2333 2334 0001
2330 2334 2335 0110
2335 114 2336 0110
82 4107 2337 0110
2337 2335 2338 0110
2336 2338 2339 0001
2335 2339 2340 0110
2340 115 2341 0110
83 4107 2342 0110
2342 2340 2343 0110
2341 2343 2344 0001
2340 2344 2345 0110
2345 116 2346 0110
84 4107 2347 0110
2347 2345 2348 0110
2346 2348 2349 0001
2345 2349 2350 0110
2350 117 2351 0110
85 4107 2352 0110
2352 2350 2353 0110
2351 2353 2354 0001
2350 2354 2355 0110
2355 118 2356 0110
86 4107 2357 0110
2357 2355 2358 0110
2356 2358 2359 0001
2355 2359 2360 0110
2360 119 2361 0110
87 4107 2362 0110
2362 2360 2363 0110
2361 2363 2364 0001
2360 2364 2365 0110
2365 120 2366 0110
88 4107 2367 0110
2367 2365 2368 0110
2366 2368 2369 0001
2365 2369 2370 0110
2370 121 2371 0110
89 4107 2372 0110
2372 2370 2373 0110
2371 2373 2374 0001
2370 2374 2375 0110
2375 122 2376 0110
90 4107 2377 0110
2377 2375 2378 0110
2376 2378 2379 0001
2375 2379 2380 0110
2380 123 2381 0110
91 4107 2382 0110
2382 2380 2383 0110
2381 2383 2384 0001
2380 2384 2385 0110
2385 124 2386 0110
92 4107 2387 0110
2387 2385 2388 0110
2386 2388 2389 0001
2385 2389 2390 0110
2390 125 2391 0110
93 4107 2392 0110
2392 2390 2393 0110
2391 2393 2394 0001
2390 2394 2395 0110
2395 126 2396 0110
94 4107 2397 0110
2397 2395 2398 0110
2396 2398 2399 0001
2395 2399 2400 0110
2400 127 2401 0110
95 2400 2402 1001
2401 2402 2403 0001
2400 2403 2404 0110
96 64 2405 0110
2404 2405 2406 0001
64 2406 2407 1001
2407 2248 2408 0001
2408 4107 2409 0110
97 65 2410 0110
2404 2410 2411 0001
2253 2411 2412 0110
2412 2409 2413 1001
33 1 2414 0110
2245 2414 2415 0001
2093 2415 2416 0110
2408 2416 2417 1001
2413 2417 2418 0001
2409 2418 2419 0110
98 66 2420 0110
2404 2420 2421 0001
2258 2421 2422 0110
2422 2419 2423 1001
34 2 2424 0110
2245 2424 2425 0001
2098 2425 2426 0110
2419 2426 2427 0110
2423 2427 2428 0001
2419 2428 2429 0110
99 67 2430 0110
2404 2430 2431 0001
2263 2431 2432 0110
2432 2429 2433 1001
3 35 2434 0110
2245 2434 2435 0001
2103 2435 2436 0110
2429 2436 2437 0110
2433 2437 2438 0001
2429 2438 2439 0110
68 100 2440 0110
2404 2440 2441 0001
2268 2441 2442 0110
2442 2439 2443 1001
4 36 2444 0110
2245 2444 2445 0001
2108 2445 2446 0110
2439 2446 2447 0110
2443 2447 2448 0001
2439 2448 2449 0110
69 101 2450 0110
2404 2450 2451 0001
69 2451 2452 1001
2449 2452 2453 1001
5 37 2454 0110
2245 2454 2455 0001
2113 2455 2456 0110
2456 2449 2457 0110
2453 2457 2458 0001
2449 2458 2459 0110
70 102 2460 0110
2404 2460 2461 0001
2277 2461 2462 0110
2462 2459 2463 1001
6 38 2464 0110
2245 2464 2465 0001
2118 2465 2466 0110
2459 2466 2467 0110
2463 2467 2468 0001
2459 2468 2469 0110
71 103 2470 0110
2404 2470 2471 0001
2282 2471 2472 0110
2472 2469 2473 1001
7 39 2474 0110
2245 2474 2475 0001
2123 2475 2476 0110
2469 2476 2477 0110
2473 2477 2478 0001
2469 2478 2479 0110
72 104 2480 0110
2404 2480 2481 0001
2287 2481 2482 0110
2482 2479 2483 1001
8 40 2484 0110
2245 2484 2485 0001
2128 2485 2486 0110
2479 2486 2487 0110
2483 2487 2488 0001
2479 2488 2489 0110
73 105 2490 0110
2404 2490 2491 0001
2292 2491 2492 0110
2492 2489 2493 1001
9 41 2494 0110
2245 2494 2495 0001
2133 2495 2496 0110
2489 2496 2497 0110
2493 2497 2498 0001
2489 2498 2499 0110
74 106 2500 0110
2404 2500 2501 0001
2297 2501 2502 0110
2502 2499 2503 1001
42 10 2504 0110
2245 2504 2505 0001
2138 2505 2506 0110
2499 2506 2507 0110
2503 2507 2508 0001
2499 2508 2509 0110
75 107 2510 0110
2404 2510 2511 0001
2302 2511 2512 0110
2512 2509 2513 1001
43 11 2514 0110
2245 2514 2515 0001
2143 2515 2516 0110
2509 2516 2517 0110
2513 2517 2518 0001
2509 2518 2519 0110
76 108 2520 0110
2404 2520 2521 0001
2307 2521 2522 0110
2522 2519 2523 1001
44 12 2524 0110
2245 2524 2525 0001
2148 2525 2526 0110
2519 2526 2527 0110
2523 2527 2528 0001
2519 2528 2529 0110
77 109 2530 0110
2404 2530 2531 0001
2312 2531 2532 0110
2532 2529 2533 1001
45 13 2534 0110
2245 2534 2535 0001
2153 2535 2536 0110
2529 2536 2537 0110
2533 2537 2538 0001
2529 2538 2539 0110
78 110 2540 0110
2404 2540 2541 0001
2317 2541 2542 0110
2542 2539 2543 1001
46 14 2544 0110
2245 2544 2545 0001
2158 2545 2546 0110
2539 2546 2547 0110
2543 2547 2548 0001
2539 2548 2549 0110
79 111 2550 0110
2404 2550 2551 0001
2322 2551 2552 0110
2552 2549 2553 1001
47 15 2554 0110
2245 2554 2555 0001
2163 2555 2556 0110
2549 2556 2557 0110
2553 2557 2558 0001
2549 2558 2559 0110
80 112 2560 0110
2404 2560 2561 0001
2327 2561 2562 0110
2562 2559 2563 1001
48 16 2564 0110
2245 2564 2565 0001
2168 2565 2566 0110
2559 2566 2567 0110
2563 2567 2568 0001
2559 2568 2569 0110
81 113 2570 0110
2404 2570 2571 0001
2332 2571 2572 0110
2572 2569 2573 1001
49 17 2574 0110
2245 2574 2575 0001
2173 2575 2576 0110
2569 2576 2577 0110
2573 2577 2578 0001
2569 2578 2579 0110
82 114 2580 0110
2404 2580 2581 0001
2337 2581 2582 0110
2582 2579 2583 1001
50 18 2584 0110
2245 2584 2585 0001
2178 2585 2586 0110
2579 2586 2587 0110
2583 2587 2588 0001
2579 2588 2589 0110
83 115 2590 0110
2404 2590 2591 0001
2342 2591 2592 0110
2592 2589 2593 1001
51 19 2594 0110
2245 2594 2595 0001
2183 2595 2596 0110
2589 2596 2597 0110
2593 2597 2598 0001
2589 2598 2599 0110
84 116 2600 0110
2404 2600 2601 0001
2347 2601 2602 0110
2602 2599 2603 1001
52 20 2604 0110
2245 2604 2605 0001
2188 2605 2606 0110
2599 2606 2607 0110
2603 2607 2608 0001
2599 2608 2609 0110
85 117 2610 0110
2404 2610 2611 0001
2352 2611 2612 0110
2612 2609 2613 1001
53 21 2614 0110
2245 2614 2615 0001
2193 2615 2616 0110
2609 2616 2617 0110
2613 2617 2618 0001
2609 2618 2619 0110
86 118 2620 0110
2404 2620 2621 0001
2357 2621 2622 0110
2622 2619 2623 1001
54 22 2624 0110
2245 2624 2625 0001
2198 2625 2626 0110
2619 2626 2627 0110
2623 2627 2628 0001
2619 2628 2629 0110
87 119 2630 0110
2404 2630 2631 0001
2362 2631 2632 0110
2632 2629 2633 1001
55 23 2634 0110
2245 2634 2635 0001
2203 2635 2636 0110
2629 2636 2637 0110
2633 2637 2638 0001
2629 2638 2639 0110
88 120 2640 0110
2404 2640 2641 0001
2367 2641 2642 0110
2642 2639 2643 1001
56 24 2644 0110
2245 2644 2645 0001
2208 2645 2646 0110
2639 2646 2647 0110
2643 2647 2648 0001
2639 2648 2649 0110
89 121 2650 0110
2404 2650 2651 0001
2372 2651 2652 0110
2652 2649 2653 1001
57 25 2654 0110
2245 2654 2655 0001
2213 2655 2656 0110
2649 2656 2657 0110
2653 2657 2658 0001
2649 2658 2659 0110
90 122 2660 0110
2404 2660 2661 0001
2377 2661 2662 0110
2662 2659 2663 1001
58 26 2664 0110
2245 2664 2665 0001
2218 2665 2666 0110
2659 2666 2667 0110
2663 2667 2668 0001
2659 2668 2669 0110
91 123 2670 0110
2404 2670 2671 0001
2382 2671 2672 0110
2672 2669 2673 1001
59 27 2674 0110
2245 2674 2675 0001
2223 2675 2676 0110
2669 2676 2677 0110
2673 2677 2678 0001
2669 2678 2679 0110
92 124 2680 0110
2404 2680 2681 0001
2387 2681 2682 0110
2682 2679 2683 1001
60 28 2684 0110
2245 2684 2685 0001
2228 2685 2686 0110
2679 2686 2687 0110
2683 2687 2688 0001
2679 2688 2689 0110
93 125 2690 0110
2404 2690 2691 0001
2392 2691 2692 0110
2692 2689 2693 1001
61 29 2694 0110
2245 2694 2695 0001
2233 2695 2696 0110
2689 2696 2697 0110
2693 2697 2698 0001
2689 2698 2699 0110
94 126 2700 0110
2404 2700 2701 0001
2397 2701 2702 0110
2702 2699 2703 1001
62 30 2704 0110
2245 2704 2705 0001
2238 2705 2706 0110
2699 2706 2707 0110
2703 2707 2708 0001
2699 2708 2709 0110
95 127 2710 1000
2710 2709 2711 1001
63 31 2712 1000
2712 4107 2713 0110
2709 2713 2714 1001
2711 2714 2715 0001
2709 2715 2716 0110
2248 2407 2717 1001
2716 2717 2718 0001
2248 2718 2719 0110
128 4107 2720 0110
2720 160 2721 1000
2721 4107 2722 0110
161 2722 2723 0110
129 4107 2724 0110
2724 2722 2725 0110
2723 2725 2726 0001
2722 2726 2727 0110
2727 162 2728 0110
130 4107 2729 0110
2729 2727 2730 0110
2728 2730 2731 0001
2727 2731 2732 0110
2732 163 2733 0110
131 4107 2734 0110
2734 2732 2735 0110
2733 2735 2736 0001
2732 2736 2737 0110
2737 164 2738 0110
132 4107 2739 0110
2739 2737 2740 0110
2738 2740 2741 0001
2737 2741 2742 0110
2742 165 2743 0110
133 4107 2744 0110
2744 2742 2745 0110
2743 2745 2746 0001
2742 2746 2747 0110
2747 166 2748 0110
134 4107 2749 0110
2749 2747 2750 0110
2748 2750 2751 0001
2747 2751 2752 0110
2752 167 2753 0110
135 4107 2754 0110
2754 2752 2755 0110
2753 2755 2756 0001
2752 2756 2757 0110
2757 168 2758 0110
136 4107 2759 0110
2759 2757 2760 0110
2758 2760 2761 0001
2757 2761 2762 0110
2762 169 2763 0110
137 4107 2764 0110
2764 2762 2765 0110
2763 2765 2766 0001
2762 2766 2767 0110
2767 170 2768 0110
138 4107 2769 0110
2769 2767 2770 0110
2768 2770 2771 0001
2767 2771 2772 0110
2772 171 2773 0110
139 4107 2774 0110
2774 2772 2775 0110
2773 2775 2776 0001
2772 2776 2777 0110
2777 172 2778 0110
140 4107 2779 0110
2779 2777 2780 0110
2778 2780 2781 0001
2777 2781 2782 0110
2782 173 2783 0110
141 4107 2784 0110
2784 2782 2785 0110
2783 2785 2786 0001
2782 2786 2787 0110
2787 174 2788 0110
142 4107 2789 0110
2789 2787 2790 0110
2788 2790 2791 0001
2787 2791 2792 0110
2792 175 2793 0110
143 4107 2794 0110
2794 2792 2795 0110
2793 2795 2796 0001
2792 2796 2797 0110
2797 176 2798 0110
144 4107 2799 0110
2799 2797 2800 0110
2798 2800 2801 0001
2797 2801 2802 0110
2802 177 2803 0110
145 4107 2804 0110
2804 2802 2805 0110
2803 2805 2806 0001
2802 2806 2807 0110
2807 178 2808 0110
146 4107 2809 0110
2809 2807 2810 0110
2808 2810 2811 0001
2807 2811 2812 0110
2812 179 2813 0110
147 4107 2814 0110
2814 2812 2815 0110
2813 2815 2816 0001
2812 2816 2817 0110
2817 180 2818 0110
148 4107 2819 0110
2819 2817 2820 0110
2818 2820 2821 0001
2817 2821 2822 0110
2822 181 2823 0110
149 4107 2824 0110
2824 2822 2825 0110
2823 2825 2826 0001
2822 2826 2827 0110
2827 182 2828 0110
150 4107 2829 0110
2829 2827 2830 0110
2828 2830 2831 0001
2827 2831 2832 0110
2832 183 2833 0110
151 4107 2834 0110
2834 2832 2835 0110
2833 2835 2836 0001
2832 2836 2837 0110
2837 184 2838 0110
152 4107 2839 0110
2839 2837 2840 0110
2838 2840 2841 0001
2837 2841 2842 0110
2842 185 2843 0110
153 4107 2844 0110
2844 2842 2845 0110
2843 2845 2846 0001
2842 2846 2847 0110
2847 186 2848 0110
154 4107 2849 0110
2849 2847 2850 0110
2848 2850 2851 0001
2847 2851 2852 0110
2852 187 2853 0110
155 4107 2854 0110
2854 2852 2855 0110
2853 2855 2856 0001
2852 2856 2857 0110
2857 188 2858 0110
156 4107 2859 0110
2859 2857 2860 0110
2858 2860 2861 0001
2857 2861 2862 0110
2862 189 2863 0110
157 4107 2864 0110
2864 2862 2865 0110
2863 2865 2866 0001
2862 2866 2867 0110
2867 190 2868 0110
158 4107 2869 0110
2869 2867 2870 0110
2868 2870 2871 0001
2867 2871 2872 0110
2872 191 2873 0110
159 2872 2874 1001
2873 2874 2875 0001
2872 2875 2876 0110
160 128 2877 0110
2876 2877 2878 0001
128 2878 2879 0110
192 4107 2880 0110
2880 224 2881 1000
2881 4107 2882 0110
225 2882 2883 0110
193 4107 2884 0110
2884 2882 2885 0110
2883 2885 2886 0001
2882 2886 2887 0110
2887 226 2888 0110
194 4107 2889 0110
2889 2887 2890 0110
2888 2890 2891 0001
2887 2891 2892 0110
2892 227 2893 0110
195 4107 2894 0110
2894 2892 2895 0110
2893 2895 2896 0001
2892 2896 2897 0110
2897 228 2898 0110
196 4107 2899 0110
2899 2897 2900 0110
2898 2900 2901 0001
2897 2901 2902 0110
2902 229 2903 0110
197 2902 2904 1001
2903 2904 2905 0001
2902 2905 2906 0110
2906 230 2907 0110
198 4107 2908 0110
2908 2906 2909 0110
2907 2909 2910 0001
2906 2910 2911 0110
2911 231 2912 0110
199 4107 2913 0110
2913 2911 2914 0110
2912 2914 2915 0001
2911 2915 2916 0110
2916 232 2917 0110
200 4107 2918 0110
2918 2916 2919 0110
2917 2919 2920 0001
2916 2920 2921 0110
2921 233 2922 0110
201 4107 2923 0110
2923 2921 2924 0110
2922 2924 2925 0001
2921 2925 2926 0110
2926 234 2927 0110
202 4107 2928 0110
2928 2926 2929 0110
2927 2929 2930 0001
2926 2930 2931 0110
2931 235 2932 0110
203 4107 2933 0110
2933 2931 2934 0110
2932 2934 2935 0001
2931 2935 2936 0110
2936 236 2937 0110
204 4107 2938 0110
2938 2936 2939 0110
2937 2939 2940 0001
2936 2940 2941 0110
2941 237 2942 0110
205 4107 2943 0110
2943 2941 2944 0110
2942 2944 2945 0001
2941 2945 2946 0110
2946 238 2947 0110
206 4107 2948 0110
2948 2946 2949 0110
2947 2949 2950 0001
2946 2950 2951 0110
2951 239 2952 0110
207 4107 2953 0110
2953 2951 2954 0110
2952 2954 2955 0001
2951 2955 2956 0110
2956 240 2957 0110
208 4107 2958 0110
2958 2956 2959 0110
2957 2959 2960 0001
2956 2960 2961 0110
2961 241 2962 0110
209 4107 2963 0110
2963 2961 2964 0110
2962 2964 2965 0001
2961 2965 2966 0110
2966 242 2967 0110
210 4107 2968 0110
2968 2966 2969 0110
2967 2969 2970 0001
2966 2970 2971 0110
2971 243 2972 0110
211 4107 2973 0110
2973 2971 2974 0110
2972 2974 2975 0001
2971 2975 2976 0110
2976 244 2977 0110
212 4107 2978 0110
2978 2976 2979 0110
2977 2979 2980 0001
2976 2980 2981 0110
2981 245 2982 0110
213 4107 2983 0110
2983 2981 2984 0110
2982 2984 2985 0001
2981 2985 2986 0110
2986 246 2987 0110
214 4107 2988 0110
2988 2986 2989 0110
2987 2989 2990 0001
2986 2990 2991 0110
2991 247 2992 0110
215 4107 2993 0110
2993 2991 2994 0110
2992 2994 2995 0001
2991 2995 2996 0110
2996 248 2997 0110
216 4107 2998 0110
2998 2996 2999 0110
2997 2999 3000 0001
2996 3000 3001 0110
3001 249 3002 0110
217 4107 3003 0110
3003 3001 3004 0110
3002 3004 3005 0001
3001 3005 3006 0110
3006 250 3007 0110
218 4107 3008 0110
3008 3006 3009 0110
3007 3009 3010 0001
3006 3010 3011 0110
3011 251 3012 0110
219 4107 3013 0110
3013 3011 3014 0110
3012 3014 3015 0001
3011 3015 3016 0110
3016 252 3017 0110
220 4107 3018 0110
3018 3016 3019 0110
3017 3019 3020 0001
3016 3020 3021 0110
3021 253 3022 0110
221 4107 3023 0110
3023 3021 3024 0110
3022 3024 3025 0001
3021 3025 3026 0110
3026 254 3027 0110
222 4107 3028 0110
3028 3026 3029 0110
3027 3029 3030 0001
3026 3030 3031 0110
3031 255 3032 0110
223 3031 3033 1001
3032 3033 3034 0001
3031 3034 3035 0110
224 192 3036 0110
3035 3036 3037 0001
192 3037 3038 1001
3038 2879 3039 0001
3039 4107 3040 0110
225 193 3041 0110
3035 3041 3042 0001
2884 3042 3043 0110
3043 3040 3044 1001
161 129 3045 0110
2876 3045 3046 0001
2724 3046 3047 0110
3039 3047 3048 1001
3044 3048 3049 0001
3040 3049 3050 0110
226 194 3051 0110
3035 3051 3052 0001
2889 3052 3053 0110
3053 3050 3054 1001
162 130 3055 0110
2876 3055 3056 0001
2729 3056 3057 0110
3050 3057 3058 0110
3054 3058 3059 0001
3050 3059 3060 0110
227 195 3061 0110
3035 3061 3062 0001
2894 3062 3063 0110
3063 3060 3064 1001
163 131 3065 0110
2876 3065 3066 0001
2734 3066 3067 0110
3060 3067 3068 0110
3064 3068 3069 0001
3060 3069 3070 0110
228 196 3071 0110
3035 3071 3072 0001
2899 3072 3073 0110
3073 3070 3074 1001
164 132 3075 0110
2876 3075 3076 0001
2739 3076 3077 0110
3070 3077 3078 0110
3074 3078 3079 0001
3070 3079 3080 0110
229 197 3081 0110
3035 3081 3082 0001
197 3082 3083 1001
3080 3083 3084 1001
165 133 3085 0110
2876 3085 3086 0001
2744 3086 3087 0110
3087 3080 3088 0110
3084 3088 3089 0001
3080 3089 3090 0110
230 198 3091 0110
3035 3091 3092 0001
2908 3092 3093 0110
3093 3090 3094 1001
166 134 3095 0110
2876 3095 3096 0001
2749 3096 3097 0110
3090 3097 3098 0110
3094 3098 3099 0001
3090 3099 3100 0110
231 199 3101 0110
3035 3101 3102 0001
2913 3102 3103 0110
3103 3100 3104 1001
167 135 3105 0110
2876 3105 3106 0001
2754 3106 3107 0110
3100 3107 3108 0110
3104 3108 3109 0001
3100 3109 3110 0110
232 200 3111 0110
3035 3111 3112 0001
2918 3112 3113 0110
3113 3110 3114 1001
168 136 3115 0110
2876 3115 3116 0001
2759 3116 3117 0110
3110 3117 3118 0110
3114 3118 3119 0001
3110 3119 3120 0110
233 201 3121 0110
3035 3121 3122 0001
2923 3122 3123 0110
3123 3120 3124 1001
169 137 3125 0110
2876 3125 3126 0001
2764 3126 3127 0110
3120 3127 3128 0110
3124 3128 3129 0001
3120 3129 3130 0110
234 202 3131 0110
3035 3131 3132 0001
2928 3132 3133 0110
3133 3130 3134 1001
170 138 3135 0110
2876 3135 3136 0001
2769 3136 3137 0110
3130 3137 3138 0110
3134 3138 3139 0001
3130 3139 3140 0110
235 203 3141 0110
3035 3141 3142 0001
2933 3142 3143 0110
3143 3140 3144 1001
171 139 3145 0110
2876 3145 3146 0001
2774 3146 3147 0110
3140 3147 3148 0110
3144 3148 3149 0001
3140 3149 3150 0110
236 204 3151 0110
3035 3151 3152 0001
2938 3152 3153 0110
3153 3150 3154 1001
172 140 3155 0110
2876 3155 3156 0001
2779 3156 3157 0110
3150 3157 3158 0110
3154 3158 3159 0001
3150 3159 3160 0110
237 205 3161 0110
3035 3161 3162 0001
2943 3162 3163 0110
3163 3160 3164 1001
173 141 3165 0110
2876 3165 3166 0001
2784 3166 3167 0110
3160 3167 3168 0110
3164 3168 3169 0001
3160 3169 3170 0110
238 206 3171 0110
3035 3171 3172 0001
2948 3172 3173 0110
3173 3170 3174 1001
174 142 3175 0110
2876 3175 3176 0001
2789 3176 3177 0110
3170 3177 3178 0110
3174 3178 3179 0001
3170 3179 3180 0110
239 207 3181 0110
3035 3181 3182 0001
2953 3182 3183 0110
3183 3180 3184 1001
175 143 3185 0110
2876 3185 3186 0001
2794 3186 3187 0110
3180 3187 3188 0110
3184 3188 3189 0001
3180 3189 3190 0110
240 208 3191 0110
3035 3191 3192 0001
2958 3192 3193 0110
3193 3190 3194 1001
176 144 3195 0110
2876 3195 3196 0001
2799 3196 3197 0110
3190 3197 3198 0110
3194 3198 3199 0001
3190 3199 3200 0110
241 209 3201 0110
3035 3201 3202 0001
2963 3202 3203 0110
3203 3200 3204 1001
177 145 3205 0110
2876 3205 3206 0001
2804 3206 3207 0110
3200 3207 3208 0110
3204 3208 3209 0001
3200 3209 3210 0110
242 210 3211 0110
3035 3211 3212 0001
2968 3212 3213 0110
3213 3210 3214 1001
178 146 3215 0110
2876 3215 3216 0001
2809 3216 3217 0110
3210 3217 3218 0110
3214 3218 3219 0001
3210 3219 3220 0110
243 211 3221 0110
3035 3221 3222 0001
2973 3222 3223 0110
3223 3220 3224 1001
179 147 3225 0110
2876 3225 3226 0001
2814 3226 3227 0110
3220 3227 3228 0110
3224 3228 3229 0001
3220 3229 3230 0110
244 212 3231 0110
3035 3231 3232 0001
2978 3232 3233 0110
3233 3230 3234 1001
180 148 3235 0110
2876 3235 3236 0001
2819 3236 3237 0110
3230 3237 3238 0110
3234 3238 3239 0001
3230 3239 3240 0110
245 213 3241 0110
3035 3241 3242 0001
2983 3242 3243 0110
3243 3240 3244 1001
181 149 3245 0110
2876 3245 3246 0001
2824 3246 3247 0110
3240 3247 3248 0110
3244 3248 3249 0001
3240 3249 3250 0110
246 214 3251 0110
3035 3251 3252 0001
2988 3252 3253 0110
3253 3250 3254 1001
182 150 3255 0110
2876 3255 3256 0001
2829 3256 3257 0110
3250 3257 3258 0110
3254 3258 3259 0001
3250 3259 3260 0110
247 215 3261 0110
3035 3261 3262 0001
2993 3262 3263 0110
3263 3260 3264 1001
183 151 3265 0110
2876 3265 3266 0001
2834 3266 3267 0110
3260 3267 3268 0110
3264 3268 3269 0001
3260 3269 3270 0110
248 216 3271 0110
3035 3271 3272 0001
2998 3272 3273 0110
3273 3270 3274 1001
184 152 3275 0110
2876 3275 3276 0001
2839 3276 3277 0110
3270 3277 3278 0110
3274 3278 3279 0001
3270 3279 3280 0110
249 217 3281 0110
3035 3281 3282 0001
3003 3282 3283 0110
3283 3280 3284 1001
185 153 3285 0110
2876 3285 3286 0001
2844 3286 3287 0110
3280 3287 3288 0110
3284 3288 3289 0001
3280 3289 3290 0110
250 218 3291 0110
3035 3291 3292 0001
3008 3292 3293 0110
3293 3290 3294 1001
186 154 3295 0110
2876 3295 3296 0001
2849 3296 3297 0110
3290 3297 3298 0110
3294 3298 3299 0001
3290 3299 3300 0110
251 219 3301 0110
3035 3301 3302 0001
3013 3302 3303 0110
3303 3300 3304 1001
187 155 3305 0110
2876 3305 3306 0001
2854 3306 3307 0110
3300 3307 3308 0110
3304 3308 3309 0001
3300 3309 3310 0110
252 220 3311 0110
3035 3311 3312 0001
3018 3312 3313 0110
3313 3310 3314 1001
188 156 3315 0110
2876 3315 3316 0001
2859 3316 3317 0110
3310 3317 3318 0110
3314 3318 3319 0001
3310 3319 3320 0110
253 221 3321 0110
3035 3321 3322 0001
3023 3322 3323 0110
3323 3320 3324 1001
189 157 3325 0110
2876 3325 3326 0001
2864 3326 3327 0110
3320 3327 3328 0110
3324 3328 3329 0001
3320 3329 3330 0110
254 222 3331 0110
3035 3331 3332 0001
3028 3332 3333 0110
3333 3330 3334 1001
190 158 3335 0110
2876 3335 3336 0001
2869 3336 3337 0110
3330 3337 3338 0110
3334 3338 3339 0001
3330 3339 3340 0110
255 223 3341 1000
3341 4107 3342 0110
3342 3340 3343 0110
191 159 3344 1000
3340 3344 3345 0110
3343 3345 3346 0001
3340 3346 3347 0110
2879 3038 3348 1001
3347 3348 3349 0001
2879 3349 3350 1001
3350 2719 3351 0001
3351 4107 3352 0110
3047 3043 3353 0110
3347 3353 3354 0001
3047 3354 3355 0110
3355 3352 3356 1001
2416 2412 3357 0110
2716 3357 3358 0001
2416 3358 3359 0110
3351 3359 3360 1001
3356 3360 3361 0001
3352 3361 3362 0110
3057 3053 3363 0110
3347 3363 3364 0001
3057 3364 3365 0110
3365 3362 3366 1001
2426 2422 3367 0110
2716 3367 3368 0001
2426 3368 3369 0110
3362 3369 3370 0110
3366 3370 3371 0001
3362 3371 3372 0110
3067 3063 3373 0110
3347 3373 3374 0001
3067 3374 3375 0110
3375 3372 3376 1001
2436 2432 3377 0110
2716 3377 3378 0001
2436 3378 3379 0110
3372 3379 3380 0110
3376 3380 3381 0001
3372 3381 3382 0110
3077 3073 3383 0110
3347 3383 3384 0001
3077 3384 3385 0110
3385 3382 3386 1001
2446 2442 3387 0110
2716 3387 3388 0001
2446 3388 3389 0110
3382 3389 3390 0110
3386 3390 3391 0001
3382 3391 3392 0110
3087 3083 3393 0110
3347 3393 3394 0001
3087 3394 3395 0110
3392 3395 3396 1001
2456 2452 3397 0110
2716 3397 3398 0001
2456 3398 3399 0110
3399 3392 3400 0110
3396 3400 3401 0001
3392 3401 3402 0110
3097 3093 3403 0110
3347 3403 3404 0001
3097 3404 3405 0110
3405 3402 3406 1001
2466 2462 3407 0110
2716 3407 3408 0001
2466 3408 3409 0110
3402 3409 3410 0110
3406 3410 3411 0001
3402 3411 3412 0110
3107 3103 3413 0110
3347 3413 3414 0001
3107 3414 3415 0110
3415 3412 3416 1001
2476 2472 3417 0110
2716 3417 3418 0001
2476 3418 3419 0110
3412 3419 3420 0110
3416 3420 3421 0001
3412 3421 3422 0110
3117 3113 3423 0110
3347 3423 3424 0001
3117 3424 3425 0110
3425 3422 3426 1001
2486 2482 3427 0110
2716 3427 3428 0001
2486 3428 3429 0110
3422 3429 3430 0110
3426 3430 3431 0001
3422 3431 3432 0110
3127 3123 3433 0110
3347 3433 3434 0001
3127 3434 3435 0110
3435 3432 3436 1001
2496 2492 3437 0110
2716 3437 3438 0001
2496 3438 3439 0110
3432 3439 3440 0110
3436 3440 3441 0001
3432 3441 3442 0110
3137 3133 3443 0110
3347 3443 3444 0001
3137 3444 3445 0110
3445 3442 3446 1001
2506 2502 3447 0110
2716 3447 3448 0001
2506 3448 3449 0110
3442 3449 3450 0110
3446 3450 3451 0001
3442 3451 3452 0110
3147 3143 3453 0110
3347 3453 3454 0001
3147 3454 3455 0110
3455 3452 3456 1001
2516 2512 3457 0110
2716 3457 3458 0001
2516 3458 3459 0110
3452 3459 3460 0110
3456 3460 3461 0001
3452 3461 3462 0110
3157 3153 3463 0110
3347 3463 3464 0001
3157 3464 3465 0110
3465 3462 3466 1001
2526 2522 3467 0110
2716 3467 3468 0001
2526 3468 3469 0110
3462 3469 3470 0110
3466 3470 3471 0001
3462 3471 3472 0110
3167 3163 3473 0110
3347 3473 3474 0001
3167 3474 3475 0110
3475 3472 3476 1001
2536 2532 3477 0110
2716 3477 3478 0001
2536 3478 3479 0110
3472 3479 3480 0110
3476 3480 3481 0001
3472 3481 3482 0110
3177 3173 3483 0110
3347 3483 3484 0001
3177 3484 3485 0110
3485 3482 3486 1001
2546 2542 3487 0110
2716 3487 3488 0001
2546 3488 3489 0110
3482 3489 3490 0110
3486 3490 3491 0001
3482 3491 3492 0110
3187 3183 3493 0110
3347 3493 3494 0001
3187 3494 3495 0110
3495 3492 3496 1001
2556 2552 3497 0110
2716 3497 3498 0001
2556 3498 3499 0110
3492 3499 3500 0110
3496 3500 3501 0001
3492 3501 3502 0110
3197 3193 3503 0110
3347 3503 3504 0001
3197 3504 3505 0110
3505 3502 3506 1001
2566 2562 3507 0110
2716 3507 3508 0001
2566 3508 3509 0110
3502 3509 3510 0110
3506 3510 3511 0001
3502 3511 3512 0110
3207 3203 3513 0110
3347 3513 3514 0001
3207 3514 3515 0110
3515 3512 3516 1001
2576 2572 3517 0110
2716 3517 3518 0001
2576 3518 3519 0110
3512 3519 3520 0110
3516 3520 3521 0001
3512 3521 3522 0110
3217 3213 3523 0110
3347 3523 3524 0001
3217 3524 3525 0110
3525 3522 3526 1001
2586 2582 3527 0110
2716 3527 3528 0001
2586 3528 3529 0110
3522 3529 3530 0110
3526 3530 3531 0001
3522 3531 3532 0110
3227 3223 3533 0110
3347 3533 3534 0001
3227 3534 3535 0110
3535 3532 3536 1001
2596 2592 3537 0110
2716 3537 3538 0001
2596 3538 3539 0110
3532 3539 3540 0110
3536 3540 3541 0001
3532 3541 3542 0110
3237 3233 3543 0110
3347 3543 3544 0001
3237 3544 3545 0110
3545 3542 3546 1001
2606 2602 3547 0110
2716 3547 3548 0001
2606 3548 3549 0110
3542 3549 3550 0110
3546 3550 3551 0001
3542 3551 3552 0110
3247 3243 3553 0110
3347 3553 3554 0001
3247 3554 3555 0110
3555 3552 3556 1001
2616 2612 3557 0110
2716 3557 3558 0001
2616 3558 3559 0110
3552 3559 3560 0110
3556 3560 3561 0001
3552 3561 3562 0110
3257 3253 3563 0110
3347 3563 3564 0001
3257 3564 3565 0110
3565 3562 3566 1001
2626 2622 3567 0110
2716 3567 3568 0001
2626 3568 3569 0110
3562 3569 3570 0110
3566 3570 3571 0001
3562 3571 3572 0110
3267 3263 3573 0110
3347 3573 3574 0001
3267 3574 3575 0110
3575 3572 3576 1001
2636 2632 3577 0110
2716 3577 3578 0001
2636 3578 3579 0110
3572 3579 3580 0110
3576 3580 3581 0001
3572 3581 3582 0110
3277 3273 3583 0110
3347 3583 3584 0001
3277 3584 3585 0110
3585 3582 3586 1001
2646 2642 3587 0110
2716 3587 3588 0001
2646 3588 3589 0110
3582 3589 3590 0110
3586 3590 3591 0001
3582 3591 3592 0110
3287 3283 3593 0110
3347 3593 3594 0001
3287 3594 3595 0110
3595 3592 3596 1001
2656 2652 3597 0110
2716 3597 3598 0001
2656 3598 3599 0110
3592 3599 3600 0110
3596 3600 3601 0001
3592 3601 3602 0110
3297 3293 3603 0110
3347 3603 3604 0001
3297 3604 3605 0110
3605 3602 3606 1001
2666 2662 3607 0110
2716 3607 3608 0001
2666 3608 3609 0110
3602 3609 3610 0110
3606 3610 3611 0001
3602 3611 3612 0110
3307 3303 3613 0110
3347 3613 3614 0001
3307 3614 3615 0110
3615 3612 3616 1001
2676 2672 3617 0110
2716 3617 3618 0001
2676 3618 3619 0110
3612 3619 3620 0110
3616 3620 3621 0001
3612 3621 3622 0110
3317 3313 3623 0110
3347 3623 3624 0001
3317 3624 3625 0110
3625 3622 3626 1001
2686 2682 3627 0110
2716 3627 3628 0001
2686 3628 3629 0110
3622 3629 3630 0110
3626 3630 3631 0001
3622 3631 3632 0110
3327 3323 3633 0110
3347 3633 3634 0001
3327 3634 3635 0110
3635 3632 3636 1001
2696 2692 3637 0110
2716 3637 3638 0001
2696 3638 3639 0110
3632 3639 3640 0110
3636 3640 3641 0001
3632 3641 3642 0110
3337 3333 3643 0110
3347 3643 3644 0001
3337 3644 3645 0110
3645 3642 3646 1001
2706 2702 3647 0110
2716 3647 3648 0001
2706 3648 3649 0110
3642 3649 3650 0110
3646 3650 3651 0001
3642 3651 3652 0110
3344 3342 3653 0001
3653 3347 3654 0001
3344 3654 3655 1001
3652 3655 3656 0110
2713 2710 3657 1000
3657 2716 3658 0001
2713 3658 3659 0110
3659 3652 3660 1001
3656 3660 3661 0001
3652 3661 3662 0110
2719 3350 3663 1001
3662 3663 3664 0001
2719 3664 3665 0110
2088 3665 3666 0001
3666 4107 3667 0110
1782 1778 3668 0110
2085 3668 3669 0001
1782 3669 3670 0110
3670 3667 3671 1001
3359 3355 3672 0110
3662 3672 3673 0001
3359 3673 3674 0110
3666 3674 3675 1001
3671 3675 3676 0001
3667 3676 3677 0110
1792 1788 3678 0110
2085 3678 3679 0001
1792 3679 3680 0110
3680 3677 3681 1001
3369 3365 3682 0110
3662 3682 3683 0001
3369 3683 3684 0110
3677 3684 3685 0110
3681 3685 3686 0001
3677 3686 3687 0110
1802 1798 3688 0110
2085 3688 3689 0001
1802 3689 3690 0110
3690 3687 3691 1001
3379 3375 3692 0110
3662 3692 3693 0001
3379 3693 3694 0110
3687 3694 3695 0110
3691 3695 3696 0001
3687 3696 3697 0110
1812 1808 3698 0110
2085 3698 3699 0001
1812 3699 3700 0110
3700 3697 3701 1001
3389 3385 3702 0110
3662 3702 3703 0001
3389 3703 3704 0110
3697 3704 3705 0110
3701 3705 3706 0001
3697 3706 3707 0110
1822 1818 3708 0110
2085 3708 3709 0001
1822 3709 3710 0110
3707 3710 3711 1001
3399 3395 3712 0110
3662 3712 3713 0001
3399 3713 3714 0110
3714 3707 3715 0110
3711 3715 3716 0001
3707 3716 3717 0110
1832 1828 3718 0110
2085 3718 3719 0001
1832 3719 3720 0110
3720 3717 3721 1001
3409 3405 3722 0110
3662 3722 3723 0001
3409 3723 3724 0110
3717 3724 3725 0110
3721 3725 3726 0001
3717 3726 3727 0110
1842 1838 3728 0110
2085 3728 3729 0001
1842 3729 3730 0110
3730 3727 3731 1001
3419 3415 3732 0110
3662 3732 3733 0001
3419 3733 3734 0110
3727 3734 3735 0110
3731 3735 3736 0001
3727 3736 3737 0110
1852 1848 3738 0110
2085 3738 3739 0001
1852 3739 3740 0110
3740 3737 3741 1001
3429 3425 3742 0110
3662 3742 3743 0001
3429 3743 3744 0110
3737 3744 3745 0110
3741 3745 3746 0001
3737 3746 3747 0110
1862 1858 3748 0110
2085 3748 3749 0001
1862 3749 3750 0110
3750 3747 3751 1001
3439 3435 3752 0110
3662 3752 3753 0001
3439 3753 3754 0110
3747 3754 3755 0110
3751 3755 3756 0001
3747 3756 3757 0110
1872 1868 3758 0110
2085 3758 3759 0001
1872 3759 3760 0110
3760 3757 3761 1001
3449 3445 3762 0110
3662 3762 3763 0001
3449 3763 3764 0110
3757 3764 3765 0110
3761 3765 3766 0001
3757 3766 3767 0110
1882 1878 3768 0110
2085 3768 3769 0001
1882 3769 3770 0110
3770 3767 3771 1001
3459 3455 3772 0110
3662 3772 3773 0001
3459 3773 3774 0110
3767 3774 3775 0110
3771 3775 3776 0001
3767 3776 3777 0110
1892 1888 3778 0110
2085 3778 3779 0001
1892 3779 3780 0110
3780 3777 3781 1001
3469 3465 3782 0110
3662 3782 3783 0001
3469 3783 3784 0110
3777 3784 3785 0110
3781 3785 3786 0001
3777 3786 3787 0110
1902 1898 3788 0110
2085 3788 3789 0001
1902 3789 3790 0110
3790 3787 3791 1001
3479 3475 3792 0110
3662 3792 3793 0001
3479 3793 3794 0110
3787 3794 3795 0110
3791 3795 3796 0001
3787 3796 3797 0110
1912 1908 3798 0110
2085 3798 3799 0001
1912 3799 3800 0110
3800 3797 3801 1001
3489 3485 3802 0110
3662 3802 3803 0001
3489 3803 3804 0110
3797 3804 3805 0110
3801 3805 3806 0001
3797 3806 3807 0110
1922 1918 3808 0110
2085 3808 3809 0001
1922 3809 3810 0110
3810 3807 3811 1001
3499 3495 3812 0110
3662 3812 3813 0001
3499 3813 3814 0110
3807 3814 3815 0110
3811 3815 3816 0001
3807 3816 3817 0110
1932 1928 3818 0110
2085 3818 3819 0001
1932 3819 3820 0110
3820 3817 3821 1001
3509 3505 3822 0110
3662 3822 3823 0001
3509 3823 3824 0110
3817 3824 3825 0110
3821 3825 3826 0001
3817 3826 3827 0110
1942 1938 3828 0110
2085 3828 3829 0001
1942 3829 3830 0110
3830 3827 3831 1001
3519 3515 3832 0110
3662 3832 3833 0001
3519 3833 3834 0110
3827 3834 3835 0110
3831 3835 3836 0001
3827 3836 3837 0110
1952 1948 3838 0110
2085 3838 3839 0001
1952 3839 3840 0110
3840 3837 3841 1001
3529 3525 3842 0110
3662 3842 3843 0001
3529 3843 3844 0110
3837 3844 3845 0110
3841 3845 3846 0001
3837 3846 3847 0110
1962 1958 3848 0110
2085 3848 3849 0001
1962 3849 3850 0110
3850 3847 3851 1001
3539 3535 3852 0110
3662 3852 3853 0001
3539 3853 3854 0110
3847 3854 3855 0110
3851 3855 3856 0001
3847 3856 3857 0110
1972 1968 3858 0110
2085 3858 3859 0001
1972 3859 3860 0110
3860 3857 3861 1001
3549 3545 3862 0110
3662 3862 3863 0001
3549 3863 3864 0110
3857 3864 3865 0110
3861 3865 3866 0001
3857 3866 3867 0110
1982 1978 3868 0110
2085 3868 3869 0001
1982 3869 3870 0110
3870 3867 3871 1001
3559 3555 3872 0110
3662 3872 3873 0001
3559 3873 3874 0110
3867 3874 3875 0110
3871 3875 3876 0001
3867 3876 3877 0110
1992 1988 3878 0110
2085 3878 3879 0001
1992 3879 3880 0110
3880 3877 3881 1001
3569 3565 3882 0110
3662 3882 3883 0001
3569 3883 3884 0110
3877 3884 3885 0110
3881 3885 3886 0001
3877 3886 3887 0110
2002 1998 3888 0110
2085 3888 3889 0001
2002 3889 3890 0110
3890 3887 3891 1001
3579 3575 3892 0110
3662 3892 3893 0001
3579 3893 3894 0110
3887 3894 3895 0110
3891 3895 3896 0001
3887 3896 3897 0110
2012 2008 3898 0110
2085 3898 3899 0001
2012 3899 3900 0110
3900 3897 3901 1001
3589 3585 3902 0110
3662 3902 3903 0001
3589 3903 3904 0110
3897 3904 3905 0110
3901 3905 3906 0001
3897 3906 3907 0110
2022 2018 3908 0110
2085 3908 3909 0001
2022 3909 3910 0110
3910 3907 3911 1001
3599 3595 3912 0110
3662 3912 3913 0001
3599 3913 3914 0110
3907 3914 3915 0110
3911 3915 3916 0001
3907 3916 3917 0110
2032 2028 3918 0110
2085 3918 3919 0001
2032 3919 3920 0110
3920 3917 3921 1001
3609 3605 3922 0110
3662 3922 3923 0001
3609 3923 3924 0110
3917 3924 3925 0110
3921 3925 3926 0001
3917 3926 3927 0110
2042 2038 3928 0110
2085 3928 3929 0001
2042 3929 3930 0110
3930 3927 3931 1001
3619 3615 3932 0110
3662 3932 3933 0001
3619 3933 3934 0110
3927 3934 3935 0110
3931 3935 3936 0001
3927 3936 3937 0110
2052 2048 3938 0110
2085 3938 3939 0001
2052 3939 3940 0110
3940 3937 3941 1001
3629 3625 3942 0110
3662 3942 3943 0001
3629 3943 3944 0110
3937 3944 3945 0110
3941 3945 3946 0001
3937 3946 3947 0110
2062 2058 3948 0110
2085 3948 3949 0001
2062 3949 3950 0110
3950 3947 3951 1001
3639 3635 3952 0110
3662 3952 3953 0001
3639 3953 3954 0110
3947 3954 3955 0110
3951 3955 3956 0001
3947 3956 3957 0110
2072 2068 3958 0110
2085 3958 3959 0001
2072 3959 3960 0110
3960 3957 3961 1001
3649 3645 3962 0110
3662 3962 3963 0001
3649 3963 3964 0110
3957 3964 3965 0110
3961 3965 3966 0001
3957 3966 3967 0110
2082 2078 3968 0110
2085 3968 3969 0001
2082 3969 3970 0110
3967 3970 3971 0110
3659 3655 3972 0110
3662 3972 3973 0001
3659 3973 3974 0110
3974 3967 3975 1001
3971 3975 3976 0001
3967 3976 3977 0110
3714 3710 3978 0110
3977 3978 3979 0001
3979 3714 3980 1001
3704 3700 3981 0110
3977 3981 3982 0001
3982 3704 3983 1001
3694 3690 3984 0110
3977 3984 3985 0001
3985 3694 3986 1001
3684 3680 3987 0110
3977 3987 3988 0001
3988 3684 3989 1001
3674 3670 3990 0110
3977 3990 3991 0001
3991 3674 3992 1001
3665 2088 3993 1001
3977 3993 3994 0001
3994 3665 3995 0110
3974 3970 3996 0110
3977 3996 3997 0001
3974 3997 3998 0110
3964 3960 3999 0110
3977 3999 4000 0001
4000 3964 4001 1001
3954 3950 4002 0110
3977 4002 4003 0001
4003 3954 4004 1001
3944 3940 4005 0110
3977 4005 4006 0001
4006 3944 4007 1001
3934 3930 4008 0110
3977 4008 4009 0001
4009 3934 4010 1001
3924 3920 4011 0110
3977 4011 4012 0001
4012 3924 4013 1001
3914 3910 4014 0110
3977 4014 4015 0001
4015 3914 4016 1001
3904 3900 4017 0110
3977 4017 4018 0001
4018 3904 4019 1001
3894 3890 4020 0110
3977 4020 4021 0001
4021 3894 4022 1001
3884 3880 4023 0110
3977 4023 4024 0001
4024 3884 4025 1001
3874 3870 4026 0110
3977 4026 4027 0001
4027 3874 4028 1001
3864 3860 4029 0110
3977 4029 4030 0001
4030 3864 4031 1001
3854 3850 4032 0110
3977 4032 4033 0001
4033 3854 4034 1001
3844 3840 4035 0110
3977 4035 4036 0001
4036 3844 4037 1001
3834 3830 4038 0110
3977 4038 4039 0001
4039 3834 4040 1001
3824 3820 4041 0110
3977 4041 4042 0001
4042 3824 4043 1001
3814 3810 4044 0110
3977 4044 4045 0001
4045 3814 4046 1001
3804 3800 4047 0110
3977 4047 4048 0001
4048 3804 4049 1001
3794 3790 4050 0110
3977 4050 4051 0001
4051 3794 4052 1001
3784 3780 4053 0110
3977 4053 4054 0001
4054 3784 4055 1001
3774 3770 4056 0110
3977 4056 4057 0001
4057 3774 4058 1001
3764 3760 4059 0110
3977 4059 4060 0001
4060 3764 4061 1001
3754 3750 4062 0110
3977 4062 4063 0001
4063 3754 4064 1001
3744 3740 4065 0110
3977 4065 4066 0001
4066 3744 4067 1001
3734 3730 4068 0110
3977 4068 4069 0001
4069 3734 4070 1001
3724 3720 4071 0110
3977 4071 4072 0001
4072 3724 4073 1001
3662 2085 4074 0110
3977 4074 4075 0001
3662 4075 4076 0110
2716 3347 4077 0110
4076 4077 4078 0001
2716 4078 4079 0110
1139 1770 4080 0110
4076 4080 4081 0001
4081 1139 4082 1001
4079 4082 4083 1001
3977 4083 4084 0001
4079 4084 4085 0110
2245 2404 4086 0110
4085 4086 4087 0001
2245 4087 4088 0110
2876 3035 4089 0110
4085 4089 4090 0001
4090 2876 4091 1001
4088 4091 4092 1001
4076 4092 4093 0001
4088 4093 4094 0110
668 827 4095 0110
4085 4095 4096 0001
668 4096 4097 0110
1299 1458 4098 0110
4085 4098 4099 0001
4099 1299 4100 1001
4097 4100 4101 1001
4076 4101 4102 0001
4102 4094 4103 1001
4097 4103 4104 1001
3977 4104 4105 0001
4094 4105 4106 0110
