# first row is comment
828 8 956
P0 16
0
1
2
3
4
5
6
7
8
9
10
11
12
13
14
15
P1 16
16
17
18
19
20
21
22
23
24
25
26
27
28
29
30
31
P2 16
32
33
34
35
36
37
38
39
40
41
42
43
44
45
46
47
P3 16
48
49
50
51
52
53
54
55
56
57
58
59
60
61
62
63
P4 16
64
65
66
67
68
69
70
71
72
73
74
75
76
77
78
79
P5 16
80
81
82
83
84
85
86
87
88
89
90
91
92
93
94
95
P6 16
96
97
98
99
100
101
102
103
104
105
106
107
108
109
110
111
P7 16
112
113
114
115
116
117
118
119
120
121
122
123
124
125
126
127
Out 19
954
945
895
916
913
910
907
904
901
898
942
939
936
933
930
927
924
921
918
# list of gates
0 0 955 1001
64 955 128 0110
128 80 129 1000
129 955 130 0110
81 130 131 0110
65 955 132 0110
132 130 133 0110
131 133 134 0001
130 134 135 0110
135 82 136 0110
66 955 137 0110
137 135 138 0110
136 138 139 0001
135 139 140 0110
140 83 141 0110
67 955 142 0110
142 140 143 0110
141 143 144 0001
140 144 145 0110
145 84 146 0110
68 955 147 0110
147 145 148 0110
146 148 149 0001
145 149 150 0110
150 85 151 0110
69 955 152 0110
152 150 153 0110
151 153 154 0001
150 154 155 0110
155 86 156 0110
70 955 157 0110
157 155 158 0110
156 158 159 0001
155 159 160 0110
160 87 161 0110
71 955 162 0110
162 160 163 0110
161 163 164 0001
160 164 165 0110
165 88 166 0110
72 955 167 0110
167 165 168 0110
166 168 169 0001
165 169 170 0110
170 89 171 0110
73 955 172 0110
172 170 173 0110
171 173 174 0001
170 174 175 0110
175 90 176 0110
74 955 177 0110
177 175 178 0110
176 178 179 0001
175 179 180 0110
180 91 181 0110
75 955 182 0110
182 180 183 0110
181 183 184 0001
180 184 185 0110
185 92 186 0110
76 955 187 0110
187 185 188 0110
186 188 189 0001
185 189 190 0110
190 93 191 0110
77 955 192 0110
192 190 193 0110
191 193 194 0001
190 194 195 0110
195 94 196 0110
78 955 197 0110
197 195 198 0110
196 198 199 0001
195 199 200 0110
200 95 201 0110
79 200 202 1001
201 202 203 0001
200 203 204 0110
80 64 205 0110
204 205 206 0001
64 206 207 0110
96 955 208 0110
208 112 209 1000
209 955 210 0110
113 210 211 0110
97 955 212 0110
212 210 213 0110
211 213 214 0001
210 214 215 0110
215 114 216 0110
98 955 217 0110
217 215 218 0110
216 218 219 0001
215 219 220 0110
220 115 221 0110
99 955 222 0110
222 220 223 0110
221 223 224 0001
220 224 225 0110
225 116 226 0110
100 955 227 0110
227 225 228 0110
226 228 229 0001
225 229 230 0110
230 117 231 0110
101 955 232 0110
232 230 233 0110
231 233 234 0001
230 234 235 0110
235 118 236 0110
102 235 237 1001
236 237 238 0001
235 238 239 0110
239 119 240 0110
103 955 241 0110
241 239 242 0110
240 242 243 0001
239 243 244 0110
244 120 245 0110
104 955 246 0110
246 244 247 0110
245 247 248 0001
244 248 249 0110
249 121 250 0110
105 955 251 0110
251 249 252 0110
250 252 253 0001
249 253 254 0110
254 122 255 0110
106 955 256 0110
256 254 257 0110
255 257 258 0001
254 258 259 0110
259 123 260 0110
107 955 261 0110
261 259 262 0110
260 262 263 0001
259 263 264 0110
264 124 265 0110
108 955 266 0110
266 264 267 0110
265 267 268 0001
264 268 269 0110
269 125 270 0110
109 955 271 0110
271 269 272 0110
270 272 273 0001
269 273 274 0110
274 126 275 0110
110 955 276 0110
276 274 277 0110
275 277 278 0001
274 278 279 0110
279 127 280 0110
111 279 281 1001
280 281 282 0001
279 282 283 0110
96 112 284 0110
283 284 285 0001
96 285 286 1001
286 207 287 0001
287 955 288 0110
97 113 289 0110
283 289 290 0001
212 290 291 0110
291 288 292 1001
81 65 293 0110
204 293 294 0001
132 294 295 0110
287 295 296 1001
292 296 297 0001
288 297 298 0110
98 114 299 0110
283 299 300 0001
217 300 301 0110
301 298 302 1001
82 66 303 0110
204 303 304 0001
137 304 305 0110
298 305 306 0110
302 306 307 0001
298 307 308 0110
99 115 309 0110
283 309 310 0001
222 310 311 0110
311 308 312 1001
83 67 313 0110
204 313 314 0001
142 314 315 0110
308 315 316 0110
312 316 317 0001
308 317 318 0110
116 100 319 0110
283 319 320 0001
227 320 321 0110
321 318 322 1001
84 68 323 0110
204 323 324 0001
147 324 325 0110
318 325 326 0110
322 326 327 0001
318 327 328 0110
117 101 329 0110
283 329 330 0001
232 330 331 0110
331 328 332 1001
85 69 333 0110
204 333 334 0001
152 334 335 0110
328 335 336 0110
332 336 337 0001
328 337 338 0110
118 102 339 0110
283 339 340 0001
102 340 341 1001
338 341 342 1001
86 70 343 0110
204 343 344 0001
157 344 345 0110
345 338 346 0110
342 346 347 0001
338 347 348 0110
119 103 349 0110
283 349 350 0001
241 350 351 0110
351 348 352 1001
87 71 353 0110
204 353 354 0001
162 354 355 0110
348 355 356 0110
352 356 357 0001
348 357 358 0110
120 104 359 0110
283 359 360 0001
246 360 361 0110
361 358 362 1001
88 72 363 0110
204 363 364 0001
167 364 365 0110
358 365 366 0110
362 366 367 0001
358 367 368 0110
121 105 369 0110
283 369 370 0001
251 370 371 0110
371 368 372 1001
89 73 373 0110
204 373 374 0001
172 374 375 0110
368 375 376 0110
372 376 377 0001
368 377 378 0110
122 106 379 0110
283 379 380 0001
256 380 381 0110
381 378 382 1001
90 74 383 0110
204 383 384 0001
177 384 385 0110
378 385 386 0110
382 386 387 0001
378 387 388 0110
123 107 389 0110
283 389 390 0001
261 390 391 0110
391 388 392 1001
91 75 393 0110
204 393 394 0001
182 394 395 0110
388 395 396 0110
392 396 397 0001
388 397 398 0110
124 108 399 0110
283 399 400 0001
266 400 401 0110
401 398 402 1001
92 76 403 0110
204 403 404 0001
187 404 405 0110
398 405 406 0110
402 406 407 0001
398 407 408 0110
125 109 409 0110
283 409 410 0001
271 410 411 0110
411 408 412 1001
93 77 413 0110
204 413 414 0001
192 414 415 0110
408 415 416 0110
412 416 417 0001
408 417 418 0110
126 110 419 0110
283 419 420 0001
276 420 421 0110
421 418 422 1001
94 78 423 0110
204 423 424 0001
197 424 425 0110
418 425 426 0110
422 426 427 0001
418 427 428 0110
127 111 429 1000
429 428 430 1001
95 79 431 1000
428 431 432 0110
430 432 433 0001
428 433 434 0110
207 286 435 1001
434 435 436 0001
207 436 437 1001
0 955 438 0110
438 16 439 1000
439 955 440 0110
17 440 441 0110
1 955 442 0110
442 440 443 0110
441 443 444 0001
440 444 445 0110
445 18 446 0110
2 955 447 0110
447 445 448 0110
446 448 449 0001
445 449 450 0110
450 19 451 0110
3 955 452 0110
452 450 453 0110
451 453 454 0001
450 454 455 0110
455 20 456 0110
4 955 457 0110
457 455 458 0110
456 458 459 0001
455 459 460 0110
460 21 461 0110
5 955 462 0110
462 460 463 0110
461 463 464 0001
460 464 465 0110
465 22 466 0110
6 955 467 0110
467 465 468 0110
466 468 469 0001
465 469 470 0110
470 23 471 0110
7 955 472 0110
472 470 473 0110
471 473 474 0001
470 474 475 0110
475 24 476 0110
8 955 477 0110
477 475 478 0110
476 478 479 0001
475 479 480 0110
480 25 481 0110
9 955 482 0110
482 480 483 0110
481 483 484 0001
480 484 485 0110
485 26 486 0110
10 955 487 0110
487 485 488 0110
486 488 489 0001
485 489 490 0110
490 27 491 0110
11 955 492 0110
492 490 493 0110
491 493 494 0001
490 494 495 0110
495 28 496 0110
12 955 497 0110
497 495 498 0110
496 498 499 0001
495 499 500 0110
500 29 501 0110
13 955 502 0110
502 500 503 0110
501 503 504 0001
500 504 505 0110
505 30 506 0110
14 955 507 0110
507 505 508 0110
506 508 509 0001
505 509 510 0110
510 31 511 0110
15 510 512 1001
511 512 513 0001
510 513 514 0110
16 0 515 0110
514 515 516 0001
0 516 517 0110
32 955 518 0110
518 48 519 1000
519 955 520 0110
49 520 521 0110
33 955 522 0110
522 520 523 0110
521 523 524 0001
520 524 525 0110
525 50 526 0110
34 955 527 0110
527 525 528 0110
526 528 529 0001
525 529 530 0110
530 51 531 0110
35 955 532 0110
532 530 533 0110
531 533 534 0001
530 534 535 0110
535 52 536 0110
36 955 537 0110
537 535 538 0110
536 538 539 0001
535 539 540 0110
540 53 541 0110
37 955 542 0110
542 540 543 0110
541 543 544 0001
540 544 545 0110
545 54 546 0110
38 545 547 1001
546 547 548 0001
545 548 549 0110
549 55 550 0110
39 955 551 0110
551 549 552 0110
550 552 553 0001
549 553 554 0110
554 56 555 0110
40 955 556 0110
556 554 557 0110
555 557 558 0001
554 558 559 0110
559 57 560 0110
41 955 561 0110
561 559 562 0110
560 562 563 0001
559 563 564 0110
564 58 565 0110
42 955 566 0110
566 564 567 0110
565 567 568 0001
564 568 569 0110
569 59 570 0110
43 955 571 0110
571 569 572 0110
570 572 573 0001
569 573 574 0110
574 60 575 0110
44 955 576 0110
576 574 577 0110
575 577 578 0001
574 578 579 0110
579 61 580 0110
45 955 581 0110
581 579 582 0110
580 582 583 0001
579 583 584 0110
584 62 585 0110
46 955 586 0110
586 584 587 0110
585 587 588 0001
584 588 589 0110
589 63 590 0110
47 589 591 1001
590 591 592 0001
589 592 593 0110
48 32 594 0110
593 594 595 0001
32 595 596 1001
596 517 597 0001
597 955 598 0110
49 33 599 0110
593 599 600 0001
522 600 601 0110
601 598 602 1001
1 17 603 0110
514 603 604 0001
442 604 605 0110
597 605 606 1001
602 606 607 0001
598 607 608 0110
50 34 609 0110
593 609 610 0001
527 610 611 0110
611 608 612 1001
2 18 613 0110
514 613 614 0001
447 614 615 0110
608 615 616 0110
612 616 617 0001
608 617 618 0110
51 35 619 0110
593 619 620 0001
532 620 621 0110
621 618 622 1001
3 19 623 0110
514 623 624 0001
452 624 625 0110
618 625 626 0110
622 626 627 0001
618 627 628 0110
52 36 629 0110
593 629 630 0001
537 630 631 0110
631 628 632 1001
4 20 633 0110
514 633 634 0001
457 634 635 0110
628 635 636 0110
632 636 637 0001
628 637 638 0110
53 37 639 0110
593 639 640 0001
542 640 641 0110
641 638 642 1001
5 21 643 0110
514 643 644 0001
462 644 645 0110
638 645 646 0110
642 646 647 0001
638 647 648 0110
54 38 649 0110
593 649 650 0001
38 650 651 1001
648 651 652 1001
6 22 653 0110
514 653 654 0001
467 654 655 0110
655 648 656 0110
652 656 657 0001
648 657 658 0110
55 39 659 0110
593 659 660 0001
551 660 661 0110
661 658 662 1001
7 23 663 0110
514 663 664 0001
472 664 665 0110
658 665 666 0110
662 666 667 0001
658 667 668 0110
56 40 669 0110
593 669 670 0001
556 670 671 0110
671 668 672 1001
8 24 673 0110
514 673 674 0001
477 674 675 0110
668 675 676 0110
672 676 677 0001
668 677 678 0110
57 41 679 0110
593 679 680 0001
561 680 681 0110
681 678 682 1001
9 25 683 0110
514 683 684 0001
482 684 685 0110
678 685 686 0110
682 686 687 0001
678 687 688 0110
58 42 689 0110
593 689 690 0001
566 690 691 0110
691 688 692 1001
26 10 693 0110
514 693 694 0001
487 694 695 0110
688 695 696 0110
692 696 697 0001
688 697 698 0110
59 43 699 0110
593 699 700 0001
571 700 701 0110
701 698 702 1001
27 11 703 0110
514 703 704 0001
492 704 705 0110
698 705 706 0110
702 706 707 0001
698 707 708 0110
60 44 709 0110
593 709 710 0001
576 710 711 0110
711 708 712 1001
28 12 713 0110
514 713 714 0001
497 714 715 0110
708 715 716 0110
712 716 717 0001
708 717 718 0110
61 45 719 0110
593 719 720 0001
581 720 721 0110
721 718 722 1001
29 13 723 0110
514 723 724 0001
502 724 725 0110
718 725 726 0110
722 726 727 0001
718 727 728 0110
62 46 729 0110
593 729 730 0001
586 730 731 0110
731 728 732 1001
30 14 733 0110
514 733 734 0001
507 734 735 0110
728 735 736 0110
732 736 737 0001
728 737 738 0110
63 47 739 1000
739 738 740 1001
31 15 741 1000
738 741 742 0110
740 742 743 0001
738 743 744 0110
517 596 745 1001
744 745 746 0001
517 746 747 0110
437 747 748 0001
748 955 749 0110
295 291 750 0110
434 750 751 0001
295 751 752 0110
752 749 753 1001
605 601 754 0110
744 754 755 0001
605 755 756 0110
748 756 757 1001
753 757 758 0001
749 758 759 0110
305 301 760 0110
434 760 761 0001
305 761 762 0110
762 759 763 1001
615 611 764 0110
744 764 765 0001
615 765 766 0110
759 766 767 0110
763 767 768 0001
759 768 769 0110
315 311 770 0110
434 770 771 0001
315 771 772 0110
772 769 773 1001
625 621 774 0110
744 774 775 0001
625 775 776 0110
769 776 777 0110
773 777 778 0001
769 778 779 0110
325 321 780 0110
434 780 781 0001
325 781 782 0110
782 779 783 1001
635 631 784 0110
744 784 785 0001
635 785 786 0110
779 786 787 0110
783 787 788 0001
779 788 789 0110
335 331 790 0110
434 790 791 0001
335 791 792 0110
792 789 793 1001
645 641 794 0110
744 794 795 0001
645 795 796 0110
789 796 797 0110
793 797 798 0001
789 798 799 0110
345 341 800 0110
434 800 801 0001
345 801 802 0110
799 802 803 1001
655 651 804 0110
744 804 805 0001
655 805 806 0110
806 799 807 0110
803 807 808 0001
799 808 809 0110
355 351 810 0110
434 810 811 0001
355 811 812 0110
812 809 813 1001
665 661 814 0110
744 814 815 0001
665 815 816 0110
809 816 817 0110
813 817 818 0001
809 818 819 0110
365 361 820 0110
434 820 821 0001
365 821 822 0110
822 819 823 1001
675 671 824 0110
744 824 825 0001
675 825 826 0110
819 826 827 0110
823 827 828 0001
819 828 829 0110
375 371 830 0110
434 830 831 0001
375 831 832 0110
832 829 833 1001
685 681 834 0110
744 834 835 0001
685 835 836 0110
829 836 837 0110
833 837 838 0001
829 838 839 0110
385 381 840 0110
434 840 841 0001
385 841 842 0110
842 839 843 1001
695 691 844 0110
744 844 845 0001
695 845 846 0110
839 846 847 0110
843 847 848 0001
839 848 849 0110
395 391 850 0110
434 850 851 0001
395 851 852 0110
852 849 853 1001
705 701 854 0110
744 854 855 0001
705 855 856 0110
849 856 857 0110
853 857 858 0001
849 858 859 0110
405 401 860 0110
434 860 861 0001
405 861 862 0110
862 859 863 1001
715 711 864 0110
744 864 865 0001
715 865 866 0110
859 866 867 0110
863 867 868 0001
859 868 869 0110
415 411 870 0110
434 870 871 0001
415 871 872 0110
872 869 873 1001
725 721 874 0110
744 874 875 0001
725 875 876 0110
869 876 877 0110
873 877 878 0001
869 878 879 0110
425 421 880 0110
434 880 881 0001
425 881 882 0110
882 879 883 1001
735 731 884 0110
744 884 885 0001
735 885 886 0110
879 886 887 0110
883 887 888 0001
879 888 889 0110
429 431 890 0001
890 889 891 1001
741 739 892 0001
889 892 893 0110
891 893 894 0001
889 894 895 0110
806 802 896 0110
895 896 897 0001
897 806 898 1001
796 792 899 0110
895 899 900 0001
900 796 901 1001
786 782 902 0110
895 902 903 0001
903 786 904 1001
776 772 905 0110
895 905 906 0001
906 776 907 1001
766 762 908 0110
895 908 909 0001
909 766 910 1001
756 752 911 0110
895 911 912 0001
912 756 913 1001
747 437 914 1001
895 914 915 0001
915 747 916 0110
890 892 917 0001
917 955 918 0110
886 882 919 0110
895 919 920 0001
920 886 921 1001
876 872 922 0110
895 922 923 0001
923 876 924 1001
866 862 925 0110
895 925 926 0001
926 866 927 1001
856 852 928 0110
895 928 929 0001
929 856 930 1001
846 842 931 0110
895 931 932 0001
932 846 933 1001
836 832 934 0110
895 934 935 0001
935 836 936 1001
826 822 937 0110
895 937 938 0001
938 826 939 1001
816 812 940 0110
895 940 941 0001
941 816 942 1001
744 434 943 0110
895 943 944 0001
744 944 945 0110
514 593 946 0110
945 946 947 0001
514 947 948 0110
204 283 949 0110
945 949 950 0001
950 204 951 1001
948 951 952 1001
895 952 953 0001
948 953 954 0110
