# first row is comment
4984 8 5272
P0 36
0
1
2
3
4
5
6
7
8
9
10
11
12
13
14
15
16
17
18
19
20
21
22
23
24
25
26
27
28
29
30
31
32
33
34
35
P1 36
36
37
38
39
40
41
42
43
44
45
46
47
48
49
50
51
52
53
54
55
56
57
58
59
60
61
62
63
64
65
66
67
68
69
70
71
P2 36
72
73
74
75
76
77
78
79
80
81
82
83
84
85
86
87
88
89
90
91
92
93
94
95
96
97
98
99
100
101
102
103
104
105
106
107
P3 36
108
109
110
111
112
113
114
115
116
117
118
119
120
121
122
123
124
125
126
127
128
129
130
131
132
133
134
135
136
137
138
139
140
141
142
143
P4 36
144
145
146
147
148
149
150
151
152
153
154
155
156
157
158
159
160
161
162
163
164
165
166
167
168
169
170
171
172
173
174
175
176
177
178
179
P5 36
180
181
182
183
184
185
186
187
188
189
190
191
192
193
194
195
196
197
198
199
200
201
202
203
204
205
206
207
208
209
210
211
212
213
214
215
P6 36
216
217
218
219
220
221
222
223
224
225
226
227
228
229
230
231
232
233
234
235
236
237
238
239
240
241
242
243
244
245
246
247
248
249
250
251
P7 36
252
253
254
255
256
257
258
259
260
261
262
263
264
265
266
267
268
269
270
271
272
273
274
275
276
277
278
279
280
281
282
283
284
285
286
287
Out 64
2724
2802
2880
2958
3036
3114
3192
3270
3348
3426
3504
3582
3660
3738
3816
3894
3972
4050
4128
4206
4284
4362
4440
4518
4596
4674
4752
4830
4908
4986
5064
5142
5146
5150
5154
5158
5162
5166
5170
5174
5178
5182
5186
5190
5194
5198
5202
5206
5210
5214
5218
5222
5226
5230
5234
5238
5242
5246
5250
5254
5258
5262
5266
5270
# list of gates
0 0 5271 1001
269 205 288 1001
288 5271 289 0110
268 204 290 1001
267 203 291 1001
290 291 292 0110
289 292 293 0110
266 202 294 1001
272 208 295 1001
271 207 296 1001
270 206 297 1001
296 297 298 0110
295 298 299 0110
294 299 300 0110
293 300 301 0001
294 5271 302 0110
270 206 303 0110
296 303 304 0110
295 304 305 0110
302 305 306 0001
301 306 307 1000
296 297 308 1000
295 5271 309 0110
309 298 310 0001
310 308 311 1000
311 307 312 0110
290 291 313 1000
289 292 314 0001
314 313 315 1000
315 312 316 0110
262 198 317 1001
261 197 318 1001
260 196 319 0110
318 319 320 0110
317 320 321 0110
259 195 322 1001
322 5271 323 0110
265 201 324 1001
324 5271 325 0110
264 200 326 1001
263 199 327 1001
326 327 328 0110
325 328 329 0110
323 329 330 0110
321 330 331 0110
258 194 332 1001
294 305 333 0110
293 333 334 0110
332 334 335 0110
331 335 336 0001
332 334 337 1000
336 337 338 1000
316 338 339 0110
317 320 340 1000
318 5271 341 0110
341 319 342 0001
340 342 343 1000
325 328 344 0001
326 327 345 1000
344 345 346 1000
321 330 347 0001
323 329 348 0001
347 348 349 1000
346 349 350 0110
343 350 351 0110
339 351 352 1001
284 220 353 1001
283 219 354 1001
282 218 355 0110
354 355 356 0110
353 356 357 1000
354 5271 358 0110
358 355 359 0001
357 359 360 1000
287 223 361 1001
361 5271 362 0110
286 222 363 1001
285 221 364 1001
363 364 365 0110
362 365 366 0001
363 364 367 1000
366 367 368 1000
353 356 369 0110
281 217 370 1001
361 365 371 0110
370 371 372 0110
369 372 373 0001
370 5271 374 0110
285 221 375 0110
363 375 376 0110
361 376 377 0110
374 377 378 0001
373 378 379 1000
368 379 380 0110
360 380 381 0110
277 213 382 1001
382 5271 383 0110
276 212 384 1001
275 211 385 1001
384 385 386 0110
383 386 387 0110
274 210 388 1001
280 216 389 1001
279 215 390 1001
278 214 391 1001
390 391 392 0110
389 392 393 0110
388 393 394 0110
387 394 395 0110
273 209 396 1001
370 377 397 0110
369 397 398 0110
396 398 399 0110
395 399 400 0001
396 5271 401 0110
369 372 402 0110
401 402 403 0001
400 403 404 1000
381 404 405 0110
383 386 406 0001
384 385 407 1000
406 407 408 1000
408 5271 409 0110
389 5271 410 0110
410 392 411 0001
390 391 412 1000
411 412 413 1000
387 394 414 0001
388 393 415 1000
414 415 416 1000
413 416 417 0110
409 417 418 0110
405 418 419 1001
331 335 420 0110
257 193 421 1001
396 402 422 0110
395 422 423 0110
421 423 424 0110
420 424 425 0001
421 5271 426 0110
395 399 427 0110
426 427 428 0001
425 428 429 1000
419 429 430 0110
352 430 431 0110
256 192 432 1001
432 5271 433 0110
420 424 434 0110
433 434 435 0001
431 435 436 0001
419 429 437 1000
352 430 438 0001
438 437 439 1000
381 404 440 1000
405 418 441 0001
441 440 442 1000
368 379 443 1000
360 5271 444 0110
444 380 445 0001
445 443 446 1000
446 442 447 0110
413 416 448 1000
409 417 449 0001
449 448 450 1000
450 447 451 0110
451 439 452 0110
311 307 453 1000
315 5271 454 0110
454 312 455 0001
455 453 456 1000
316 338 457 0001
339 351 458 0001
458 457 459 1000
459 456 460 0110
346 349 461 1000
343 5271 462 0110
462 350 463 0001
463 461 464 1000
464 460 465 0110
465 452 466 0110
466 436 467 0001
451 439 468 1000
465 452 469 0001
469 468 470 1000
446 442 471 1000
450 5271 472 0110
472 447 473 0001
473 471 474 1000
474 5271 475 0110
475 470 476 0110
456 5271 477 0110
459 477 478 0001
464 460 479 1000
479 478 480 1000
480 476 481 0110
481 467 482 0001
474 470 483 1000
474 470 484 0110
480 5271 485 0110
485 484 486 0001
486 483 487 1000
487 5271 488 0110
488 482 489 0001
489 5271 490 0110
230 262 491 1001
229 261 492 1001
228 260 493 0110
492 493 494 0110
491 494 495 1000
492 5271 496 0110
496 493 497 0001
495 497 498 1000
498 5271 499 0110
233 265 500 1001
500 5271 501 0110
232 264 502 1001
231 263 503 1001
502 503 504 0110
501 504 505 0001
502 503 506 1000
505 506 507 1000
491 494 508 0110
227 259 509 1001
509 5271 510 0110
501 504 511 0110
510 511 512 0110
508 512 513 0001
510 511 514 0001
513 514 515 1000
507 515 516 0110
499 516 517 0001
507 515 518 1000
517 518 519 1000
519 5271 520 0110
237 269 521 1001
236 268 522 1001
235 267 523 0110
522 523 524 0110
521 524 525 1000
522 5271 526 0110
526 523 527 0001
525 527 528 1000
240 272 529 1001
529 5271 530 0110
239 271 531 1001
238 270 532 1001
531 532 533 0110
530 533 534 0001
531 532 535 1000
534 535 536 1000
521 524 537 0110
234 266 538 1001
538 5271 539 0110
530 533 540 0110
539 540 541 0110
537 541 542 0001
539 540 543 0001
542 543 544 1000
536 544 545 0110
528 545 546 0110
508 512 547 0110
226 258 548 1001
548 5271 549 0110
537 541 550 0110
549 550 551 0110
547 551 552 0001
549 550 553 0001
552 553 554 1000
546 554 555 0110
498 516 556 0110
555 556 557 0001
546 554 558 0001
557 558 559 1000
528 5271 560 0110
560 545 561 0001
536 544 562 1000
561 562 563 1000
563 5271 564 0110
559 564 565 0110
520 565 566 0001
559 564 567 0001
566 567 568 1000
568 5271 569 0110
245 277 570 1001
570 5271 571 0110
244 276 572 1001
243 275 573 1001
572 573 574 0110
571 574 575 0001
572 573 576 1000
575 576 577 1000
577 5271 578 0110
248 280 579 1001
579 5271 580 0110
247 279 581 1001
246 278 582 1001
581 582 583 0110
580 583 584 0001
581 582 585 1000
584 585 586 1000
571 574 587 0110
242 274 588 1001
588 5271 589 0110
580 583 590 0110
589 590 591 0110
587 591 592 0001
589 590 593 0001
592 593 594 1000
586 594 595 0110
578 595 596 0001
586 594 597 1000
596 597 598 1000
598 5271 599 0110
252 284 600 1001
600 5271 601 0110
251 283 602 1001
250 282 603 1001
602 603 604 0110
601 604 605 0001
602 603 606 1000
605 606 607 1000
607 5271 608 0110
255 287 609 1001
609 5271 610 0110
254 286 611 1001
253 285 612 1001
611 612 613 0110
610 613 614 0001
611 612 615 1000
614 615 616 1000
601 604 617 0110
249 281 618 1001
609 613 619 0110
618 619 620 0110
617 620 621 0001
618 5271 622 0110
253 285 623 0110
611 623 624 0110
609 624 625 0110
622 625 626 0001
621 626 627 1000
616 627 628 0110
608 628 629 0001
616 627 630 1000
629 630 631 1000
607 628 632 0110
587 591 633 0110
241 273 634 1001
618 625 635 0110
617 635 636 0110
634 636 637 0110
633 637 638 0001
634 5271 639 0110
617 620 640 0110
639 640 641 0001
638 641 642 1000
632 642 643 0110
578 595 644 0110
643 644 645 0001
632 642 646 1000
645 646 647 1000
631 647 648 0110
599 648 649 0001
631 647 650 1000
649 650 651 1000
520 565 652 0110
598 648 653 0110
555 556 654 0110
654 5271 655 0110
643 644 656 1001
547 551 657 0110
225 257 658 1001
634 640 659 0110
633 659 660 0110
658 660 661 0110
657 661 662 0001
658 660 663 1000
662 663 664 1000
656 664 665 0110
655 665 666 0001
656 664 667 1000
666 667 668 1000
653 668 669 0110
652 669 670 0001
653 668 671 1000
670 671 672 1000
651 672 673 0110
569 673 674 0001
651 672 675 1000
674 675 676 1000
676 5271 677 0110
651 5271 678 0110
678 672 679 0110
568 679 680 0110
655 665 681 0110
224 256 682 1001
682 5271 683 0110
657 661 684 0110
683 684 685 0001
681 685 686 0001
652 669 687 0110
686 687 688 0001
680 688 689 0001
677 689 690 0001
490 690 691 0001
482 5271 692 0110
487 692 693 0001
676 689 694 1001
694 693 695 1000
695 489 696 1000
696 690 697 1000
688 5271 698 0110
680 698 699 0110
481 467 700 0110
700 699 701 0001
686 687 702 0110
466 436 703 0110
703 5271 704 0110
704 702 705 0001
702 5271 706 0110
703 706 707 0001
431 435 708 0110
433 434 709 0110
683 684 710 0110
710 5271 711 0110
711 709 712 0001
712 5271 713 0110
681 685 714 0110
713 714 715 1000
715 708 716 1000
713 714 717 0001
717 716 718 1000
718 707 719 1000
719 705 720 1000
720 701 721 1000
721 5271 722 0110
700 699 723 1000
487 482 724 0110
724 694 725 0001
725 723 726 1000
726 722 727 0001
727 697 728 1000
728 691 729 1000
729 714 730 0001
691 5271 731 0110
727 731 732 0001
732 697 733 1000
733 708 734 0001
734 730 735 1000
735 5271 736 0110
489 690 737 0001
189 285 738 1001
190 286 739 1001
739 738 740 0110
191 287 741 1001
741 5271 742 0110
742 740 743 0110
185 281 744 1001
744 5271 745 0110
745 743 746 0110
186 282 747 1001
187 283 748 1001
748 747 749 0110
188 284 750 1001
750 5271 751 0110
751 749 752 0110
752 746 753 0110
177 273 754 1001
754 5271 755 0110
755 753 756 0110
182 278 757 1001
183 279 758 1001
758 757 759 0110
184 280 760 1001
760 5271 761 0110
761 759 762 0110
178 274 763 1001
763 5271 764 0110
764 762 765 0110
179 275 766 1001
180 276 767 1001
767 766 768 0110
181 277 769 1001
769 5271 770 0110
770 768 771 0110
771 765 772 0110
772 756 773 0110
161 257 774 1001
774 5271 775 0110
775 773 776 0001
775 773 777 0110
174 270 778 1001
175 271 779 1001
779 778 780 0110
176 272 781 1001
781 5271 782 0110
782 780 783 0110
170 266 784 1001
784 5271 785 0110
785 783 786 0110
171 267 787 1001
172 268 788 1001
788 787 789 0110
173 269 790 1001
790 5271 791 0110
791 789 792 0110
792 786 793 0110
162 258 794 1001
794 5271 795 0110
795 793 796 0110
167 263 797 1001
168 264 798 1001
798 797 799 0110
169 265 800 1001
800 5271 801 0110
801 799 802 0110
163 259 803 1001
803 5271 804 0110
804 802 805 0110
164 260 806 1001
165 261 807 1001
807 806 808 0110
166 262 809 1001
809 5271 810 0110
810 808 811 0110
811 805 812 0110
812 796 813 0110
813 777 814 0001
814 776 815 1000
764 762 816 0001
771 765 817 0001
817 816 818 1000
758 757 819 1000
761 759 820 0001
820 819 821 1000
821 818 822 0110
767 766 823 1000
770 768 824 0001
824 823 825 1000
825 5271 826 0110
826 822 827 0110
755 753 828 0001
772 756 829 0001
829 828 830 1000
745 743 831 0001
752 746 832 0001
832 831 833 1000
739 738 834 1000
742 740 835 0001
835 834 836 1000
836 833 837 0110
748 747 838 1000
751 749 839 0001
839 838 840 1000
840 837 841 0110
841 830 842 0110
842 827 843 1001
843 815 844 1000
843 815 845 0110
804 802 846 0001
811 805 847 0001
847 846 848 1000
798 797 849 1000
801 799 850 0001
850 849 851 1000
851 848 852 0110
807 806 853 1000
810 808 854 0001
854 853 855 1000
855 852 856 0110
795 793 857 0001
812 796 858 0001
858 857 859 1000
785 783 860 0001
792 786 861 0001
861 860 862 1000
779 778 863 1000
782 780 864 0001
864 863 865 1000
865 862 866 0110
788 787 867 1000
791 789 868 0001
868 867 869 1000
869 866 870 0110
870 859 871 0110
871 856 872 0110
872 5271 873 0110
873 845 874 0001
874 844 875 1000
841 830 876 1000
842 827 877 0001
877 876 878 1000
836 833 879 1000
840 5271 880 0110
880 837 881 0001
881 879 882 1000
882 878 883 0110
821 818 884 1000
826 822 885 0001
885 884 886 1000
886 883 887 0110
887 875 888 0110
865 862 889 1000
869 5271 890 0110
890 866 891 0001
891 889 892 1000
892 5271 893 0110
870 859 894 0001
871 856 895 0001
895 894 896 1000
896 893 897 0110
851 848 898 1000
855 5271 899 0110
899 852 900 0001
900 898 901 1000
901 5271 902 0110
902 897 903 0110
903 888 904 0110
813 777 905 0110
160 256 906 1001
906 5271 907 0110
907 905 908 0001
873 845 909 0110
909 908 910 0001
910 904 911 0001
887 875 912 1000
903 888 913 0001
913 912 914 1000
882 878 915 1000
886 5271 916 0110
916 883 917 0001
917 915 918 1000
918 914 919 0110
896 893 920 0001
902 897 921 0001
921 920 922 1000
922 5271 923 0110
923 919 924 0110
924 911 925 0001
918 914 926 1000
923 919 927 0001
927 926 928 1000
928 5271 929 0110
929 925 930 0001
930 5271 931 0110
931 737 932 0001
733 714 933 0001
708 5271 934 0110
733 934 935 1000
935 933 936 1000
909 908 937 0110
936 937 938 0001
907 905 939 0110
729 709 940 0001
733 710 941 0001
941 940 942 1000
942 939 943 0001
943 938 944 1000
944 5271 945 0110
910 904 946 0110
946 5271 947 0110
733 706 948 0001
733 703 949 1000
949 948 950 1000
950 947 951 0001
937 5271 952 0110
733 708 953 1000
714 5271 954 0110
733 954 955 0001
955 953 956 1000
956 952 957 0001
957 951 958 1000
958 945 959 0001
924 911 960 0110
700 5271 961 0110
733 961 962 1000
699 5271 963 0110
733 963 964 0001
964 962 965 1000
965 960 966 0001
733 704 967 1000
733 702 968 0001
968 967 969 1000
969 946 970 0001
970 966 971 1000
971 5271 972 0110
972 959 973 1000
965 960 974 1000
928 925 975 0110
729 694 976 1000
724 5271 977 0110
733 977 978 1000
978 976 979 1000
979 975 980 0001
980 974 981 1000
981 5271 982 0110
982 973 983 1000
979 975 984 1000
489 690 985 1000
985 930 986 0001
986 984 987 1000
987 5271 988 0110
988 983 989 1000
985 930 990 1000
990 989 991 1000
991 936 992 0001
991 937 993 1000
993 992 994 1000
735 994 995 0001
729 710 996 0001
733 709 997 0001
997 996 998 1000
991 942 999 0001
991 939 1000 1000
1000 999 1001 1000
1001 998 1002 0001
1002 995 1003 1000
1003 5271 1004 0110
991 947 1005 1000
991 950 1006 0001
1006 1005 1007 1000
733 703 1008 0001
733 706 1009 1000
1009 1008 1010 1000
1010 5271 1011 0110
1011 1007 1012 0001
991 952 1013 1000
991 956 1014 0001
1014 1013 1015 1000
736 1015 1016 0001
1016 1012 1017 1000
1017 1004 1018 0001
991 969 1019 0001
991 946 1020 1000
1020 1019 1021 1000
1010 1021 1022 0001
991 960 1023 1000
991 965 1024 0001
1024 1023 1025 1000
729 963 1026 0001
733 700 1027 0001
1027 1026 1028 1000
1028 1025 1029 0001
1029 1022 1030 1000
1030 5271 1031 0110
1031 1018 1032 1000
1028 1025 1033 1000
991 979 1034 0001
991 975 1035 1000
1035 1034 1036 1000
729 977 1037 1000
733 694 1038 1000
1038 1037 1039 1000
1039 1036 1040 0001
1040 1033 1041 1000
1041 5271 1042 0110
1042 1032 1043 1000
737 5271 1044 0110
989 930 1045 0001
1045 1044 1046 0001
1039 1036 1047 1000
1047 1046 1048 1000
1048 5271 1049 0110
1049 1043 1050 1000
1050 932 1051 1000
1051 736 1052 0001
1051 1015 1053 1000
1053 1052 1054 1000
1054 5271 1055 0110
930 737 1056 0001
157 285 1057 1001
158 286 1058 1001
1058 1057 1059 0110
159 287 1060 1001
1060 5271 1061 0110
1061 1059 1062 0110
153 281 1063 1001
1063 5271 1064 0110
1064 1062 1065 0110
154 282 1066 1001
155 283 1067 1001
1067 1066 1068 0110
156 284 1069 1001
1069 5271 1070 0110
1070 1068 1071 0110
1071 1065 1072 0110
145 273 1073 1001
1073 5271 1074 0110
1074 1072 1075 0110
150 278 1076 1001
151 279 1077 1001
1077 1076 1078 0110
152 280 1079 1001
1079 5271 1080 0110
1080 1078 1081 0110
146 274 1082 1001
1082 5271 1083 0110
1083 1081 1084 0110
147 275 1085 1001
148 276 1086 1001
1086 1085 1087 0110
149 277 1088 1001
1088 5271 1089 0110
1089 1087 1090 0110
1090 1084 1091 0110
1091 1075 1092 0110
129 257 1093 1001
1093 5271 1094 0110
1094 1092 1095 0110
142 270 1096 1001
143 271 1097 1001
1097 1096 1098 0110
144 272 1099 1001
1099 5271 1100 0110
1100 1098 1101 0110
138 266 1102 1001
1102 5271 1103 0110
1103 1101 1104 0110
139 267 1105 1001
140 268 1106 1001
1106 1105 1107 0110
141 269 1108 1001
1108 5271 1109 0110
1109 1107 1110 0110
1110 1104 1111 0110
130 258 1112 1001
1112 5271 1113 0110
1113 1111 1114 0110
135 263 1115 1001
136 264 1116 1001
1116 1115 1117 0110
137 265 1118 1001
1118 5271 1119 0110
1119 1117 1120 0110
131 259 1121 1001
1121 5271 1122 0110
1122 1120 1123 0110
132 260 1124 1001
133 261 1125 1001
1125 1124 1126 0110
134 262 1127 1001
1127 5271 1128 0110
1128 1126 1129 0110
1129 1123 1130 0110
1130 1114 1131 0110
1131 1095 1132 0110
128 256 1133 1001
1133 5271 1134 0110
1134 1132 1135 0001
1094 1092 1136 0001
1131 1095 1137 0001
1137 1136 1138 1000
1083 1081 1139 0001
1090 1084 1140 0001
1140 1139 1141 1000
1077 1076 1142 1000
1080 1078 1143 0001
1143 1142 1144 1000
1144 1141 1145 0110
1086 1085 1146 1000
1089 1087 1147 0001
1147 1146 1148 1000
1148 5271 1149 0110
1149 1145 1150 0110
1074 1072 1151 0001
1091 1075 1152 0001
1152 1151 1153 1000
1064 1062 1154 0001
1071 1065 1155 0001
1155 1154 1156 1000
1058 1057 1157 1000
1061 1059 1158 0001
1158 1157 1159 1000
1159 1156 1160 0110
1067 1066 1161 1000
1070 1068 1162 0001
1162 1161 1163 1000
1163 1160 1164 0110
1164 1153 1165 0110
1165 1150 1166 1001
1166 1138 1167 0110
1122 1120 1168 0001
1129 1123 1169 0001
1169 1168 1170 1000
1116 1115 1171 1000
1119 1117 1172 0001
1172 1171 1173 1000
1173 1170 1174 0110
1125 1124 1175 1000
1128 1126 1176 0001
1176 1175 1177 1000
1177 1174 1178 0110
1113 1111 1179 0001
1130 1114 1180 0001
1180 1179 1181 1000
1103 1101 1182 0001
1110 1104 1183 0001
1183 1182 1184 1000
1097 1096 1185 1000
1100 1098 1186 0001
1186 1185 1187 1000
1187 1184 1188 0110
1106 1105 1189 1000
1109 1107 1190 0001
1190 1189 1191 1000
1191 1188 1192 0110
1192 1181 1193 0110
1193 1178 1194 0110
1194 5271 1195 0110
1195 1167 1196 0110
1196 1135 1197 0001
1166 1138 1198 1000
1195 1167 1199 0001
1199 1198 1200 1000
1164 1153 1201 1000
1165 1150 1202 0001
1202 1201 1203 1000
1159 1156 1204 1000
1163 5271 1205 0110
1205 1160 1206 0001
1206 1204 1207 1000
1207 1203 1208 0110
1144 1141 1209 1000
1149 1145 1210 0001
1210 1209 1211 1000
1211 1208 1212 0110
1212 1200 1213 0110
1187 1184 1214 1000
1191 5271 1215 0110
1215 1188 1216 0001
1216 1214 1217 1000
1217 5271 1218 0110
1192 1181 1219 0001
1193 1178 1220 0001
1220 1219 1221 1000
1221 1218 1222 0110
1173 1170 1223 1000
1177 5271 1224 0110
1224 1174 1225 0001
1225 1223 1226 1000
1226 5271 1227 0110
1227 1222 1228 0110
1228 1213 1229 0110
1229 1197 1230 0001
1212 1200 1231 1000
1228 1213 1232 0001
1232 1231 1233 1000
1207 1203 1234 1000
1211 5271 1235 0110
1235 1208 1236 0001
1236 1234 1237 1000
1237 1233 1238 0110
1221 1218 1239 0001
1227 1222 1240 0001
1240 1239 1241 1000
1241 5271 1242 0110
1242 1238 1243 0110
1243 1230 1244 0001
1237 1233 1245 1000
1242 1238 1246 0001
1246 1245 1247 1000
1247 5271 1248 0110
1248 1244 1249 0001
1249 5271 1250 0110
1045 737 1251 1000
1251 1250 1252 1000
1051 1039 1253 0001
1051 1036 1254 1000
1254 1253 1255 1000
1247 1244 1256 0110
1251 1249 1257 0001
1251 1249 1258 1000
1258 5271 1259 0110
1051 1039 1260 1000
1051 1036 1261 0001
1261 1260 1262 1000
1262 1256 1263 0001
1196 1135 1264 0110
1264 5271 1265 0110
1051 736 1266 1000
1051 1015 1267 0001
1267 1266 1268 1000
1268 1265 1269 0001
1269 5271 1270 0110
1134 1132 1271 0110
1051 1001 1272 0001
1051 998 1273 1000
1273 1272 1274 1000
1274 1271 1275 0001
1275 1270 1276 0001
1229 1197 1277 0110
1051 1021 1278 0001
1051 1010 1279 1000
1279 1278 1280 1000
1280 1277 1281 0001
1051 994 1282 0001
1051 735 1283 1000
1283 1282 1284 1000
1284 1264 1285 0001
1285 1281 1286 1000
1286 5271 1287 0110
1287 1276 1288 1000
1243 1230 1289 0110
1289 5271 1290 0110
1028 5271 1291 0110
1051 1291 1292 1000
1025 5271 1293 0110
1051 1293 1294 0001
1294 1292 1295 1000
1295 1290 1296 0001
1277 5271 1297 0110
1051 1011 1298 1000
1051 1007 1299 0001
1299 1298 1300 1000
1300 1297 1301 0001
1301 1296 1302 1000
1302 5271 1303 0110
1303 1288 1304 1000
1262 1256 1305 1000
1295 1290 1306 1000
1306 1305 1307 1000
1307 5271 1308 0110
1308 1304 1309 1000
1309 1263 1310 1000
1310 1259 1311 0001
1311 1257 1312 1000
1312 1256 1313 0001
1312 1262 1314 1000
1314 1313 1315 1000
1315 1255 1316 0001
1051 1291 1317 0001
1051 1293 1318 1000
1318 1317 1319 1000
1312 1290 1320 0001
1295 5271 1321 0110
1310 1257 1322 1000
1322 1258 1323 1000
1323 1321 1324 0001
1324 1320 1325 1000
1325 1319 1326 1000
1312 1265 1327 0001
1323 1284 1328 0001
1328 1327 1329 1000
1054 1329 1330 0001
998 5271 1331 0110
1051 1331 1332 0001
1001 5271 1333 0110
1051 1333 1334 1000
1334 1332 1335 1000
1323 1274 1336 0001
1271 5271 1337 0110
1312 1337 1338 0001
1338 1336 1339 1000
1339 1335 1340 0001
1340 1330 1341 1000
1341 5271 1342 0110
1312 1277 1343 0001
1323 1300 1344 0001
1344 1343 1345 1000
1051 1011 1346 0001
1051 1007 1347 1000
1347 1346 1348 1000
1348 5271 1349 0110
1349 1345 1350 0001
1312 1264 1351 0001
1323 1268 1352 0001
1352 1351 1353 1000
1055 1353 1354 0001
1354 1350 1355 1000
1355 1342 1356 0001
1312 1297 1357 0001
1323 1280 1358 0001
1358 1357 1359 1000
1348 1359 1360 0001
1325 1319 1361 0001
1361 1360 1362 1000
1362 5271 1363 0110
1363 1356 1364 1000
1364 1326 1365 1000
1365 1316 1366 1000
1315 1255 1367 1000
1056 1250 1368 0001
1368 1367 1369 1000
1369 5271 1370 0110
1370 1366 1371 1000
1371 1252 1372 1000
1372 1056 1373 1000
1373 1055 1374 0001
1373 1353 1375 1000
1375 1374 1376 1000
1056 5271 1377 0110
1372 1377 1378 1000
1252 1056 1379 1000
125 285 1380 1001
126 286 1381 1001
1381 1380 1382 0110
127 287 1383 1001
1383 5271 1384 0110
1384 1382 1385 0110
121 281 1386 1001
1386 5271 1387 0110
1387 1385 1388 0110
122 282 1389 1001
123 283 1390 1001
1390 1389 1391 0110
124 284 1392 1001
1392 5271 1393 0110
1393 1391 1394 0110
1394 1388 1395 0110
113 273 1396 1001
1396 5271 1397 0110
1397 1395 1398 0110
118 278 1399 1001
119 279 1400 1001
1400 1399 1401 0110
120 280 1402 1001
1402 5271 1403 0110
1403 1401 1404 0110
114 274 1405 1001
1405 5271 1406 0110
1406 1404 1407 0110
115 275 1408 1001
116 276 1409 1001
1409 1408 1410 0110
117 277 1411 1001
1411 5271 1412 0110
1412 1410 1413 0110
1413 1407 1414 0110
1414 1398 1415 0110
97 257 1416 1001
1416 5271 1417 0110
1417 1415 1418 0110
110 270 1419 1001
111 271 1420 1001
1420 1419 1421 0110
112 272 1422 1001
1422 5271 1423 0110
1423 1421 1424 0110
106 266 1425 1001
1425 5271 1426 0110
1426 1424 1427 0110
107 267 1428 1001
108 268 1429 1001
1429 1428 1430 0110
109 269 1431 1001
1431 5271 1432 0110
1432 1430 1433 0110
1433 1427 1434 0110
98 258 1435 1001
1435 5271 1436 0110
1436 1434 1437 0110
103 263 1438 1001
104 264 1439 1001
1439 1438 1440 0110
105 265 1441 1001
1441 5271 1442 0110
1442 1440 1443 0110
99 259 1444 1001
1444 5271 1445 0110
1445 1443 1446 0110
100 260 1447 1001
101 261 1448 1001
1448 1447 1449 0110
102 262 1450 1001
1450 5271 1451 0110
1451 1449 1452 0110
1452 1446 1453 0110
1453 1437 1454 0110
1454 1418 1455 0110
96 256 1456 1001
1456 5271 1457 0110
1457 1455 1458 0001
1417 1415 1459 0001
1454 1418 1460 0001
1460 1459 1461 1000
1406 1404 1462 0001
1413 1407 1463 0001
1463 1462 1464 1000
1400 1399 1465 1000
1403 1401 1466 0001
1466 1465 1467 1000
1467 1464 1468 0110
1409 1408 1469 1000
1412 1410 1470 0001
1470 1469 1471 1000
1471 5271 1472 0110
1472 1468 1473 0110
1397 1395 1474 0001
1414 1398 1475 0001
1475 1474 1476 1000
1387 1385 1477 0001
1394 1388 1478 0001
1478 1477 1479 1000
1381 1380 1480 1000
1384 1382 1481 0001
1481 1480 1482 1000
1482 1479 1483 0110
1390 1389 1484 1000
1393 1391 1485 0001
1485 1484 1486 1000
1486 1483 1487 0110
1487 1476 1488 0110
1488 1473 1489 1001
1489 1461 1490 0110
1445 1443 1491 0001
1452 1446 1492 0001
1492 1491 1493 1000
1439 1438 1494 1000
1442 1440 1495 0001
1495 1494 1496 1000
1496 1493 1497 0110
1448 1447 1498 1000
1451 1449 1499 0001
1499 1498 1500 1000
1500 1497 1501 0110
1436 1434 1502 0001
1453 1437 1503 0001
1503 1502 1504 1000
1426 1424 1505 0001
1433 1427 1506 0001
1506 1505 1507 1000
1420 1419 1508 1000
1423 1421 1509 0001
1509 1508 1510 1000
1510 1507 1511 0110
1429 1428 1512 1000
1432 1430 1513 0001
1513 1512 1514 1000
1514 1511 1515 0110
1515 1504 1516 0110
1516 1501 1517 0110
1517 5271 1518 0110
1518 1490 1519 0110
1519 1458 1520 0001
1489 1461 1521 1000
1518 1490 1522 0001
1522 1521 1523 1000
1487 1476 1524 1000
1488 1473 1525 0001
1525 1524 1526 1000
1482 1479 1527 1000
1486 5271 1528 0110
1528 1483 1529 0001
1529 1527 1530 1000
1530 1526 1531 0110
1467 1464 1532 1000
1472 1468 1533 0001
1533 1532 1534 1000
1534 1531 1535 0110
1535 1523 1536 0110
1510 1507 1537 1000
1514 5271 1538 0110
1538 1511 1539 0001
1539 1537 1540 1000
1540 5271 1541 0110
1515 1504 1542 0001
1516 1501 1543 0001
1543 1542 1544 1000
1544 1541 1545 0110
1496 1493 1546 1000
1500 5271 1547 0110
1547 1497 1548 0001
1548 1546 1549 1000
1549 5271 1550 0110
1550 1545 1551 0110
1551 1536 1552 0110
1552 1520 1553 0001
1535 1523 1554 1000
1551 1536 1555 0001
1555 1554 1556 1000
1530 1526 1557 1000
1534 5271 1558 0110
1558 1531 1559 0001
1559 1557 1560 1000
1560 1556 1561 0110
1544 1541 1562 0001
1550 1545 1563 0001
1563 1562 1564 1000
1564 5271 1565 0110
1565 1561 1566 0110
1566 1553 1567 0001
1560 1556 1568 1000
1565 1561 1569 0001
1569 1568 1570 1000
1570 5271 1571 0110
1571 1567 1572 0001
1572 5271 1573 0110
1552 1520 1574 0110
1574 5271 1575 0110
1373 1349 1576 1000
1373 1345 1577 0001
1577 1576 1578 1000
1578 1575 1579 1000
1373 1055 1580 1000
1373 1353 1581 0001
1581 1580 1582 1000
1519 1458 1583 0110
1583 5271 1584 0110
1584 1582 1585 0001
1457 1455 1586 0110
1373 1339 1587 0001
1373 1335 1588 1000
1588 1587 1589 1000
1589 1586 1590 0001
1373 1329 1591 0001
1373 1054 1592 1000
1592 1591 1593 1000
1583 1593 1594 0001
1594 1590 1595 1000
1595 1585 1596 1000
1596 1579 1597 1000
1566 1553 1598 0110
1598 5271 1599 0110
1319 5271 1600 0110
1373 1600 1601 1000
1325 5271 1602 0110
1373 1602 1603 0001
1603 1601 1604 1000
1604 1599 1605 0001
1578 1575 1606 0001
1606 1605 1607 1000
1607 5271 1608 0110
1608 1597 1609 1000
1604 1599 1610 1000
1570 1567 1611 1001
1373 1315 1612 0001
1373 1255 1613 1000
1613 1612 1614 1000
1614 1611 1615 0001
1615 1610 1616 1000
1616 5271 1617 0110
1617 1609 1618 1000
1614 1611 1619 1000
1573 1379 1620 1000
1620 5271 1621 0110
1621 1378 1622 1000
1614 5271 1623 0110
1379 5271 1624 0110
1619 1624 1625 1000
1625 5271 1626 0110
1626 1618 1627 1000
1627 1572 1628 1000
1628 1624 1629 1000
1629 1623 1630 0001
1611 5271 1631 0110
1629 1631 1632 1000
1632 1630 1633 1000
1255 5271 1634 0110
1373 1634 1635 0001
1315 5271 1636 0110
1373 1636 1637 1000
1637 1635 1638 1000
1638 5271 1639 0110
1639 1633 1640 1000
1629 1598 1641 1000
1604 5271 1642 0110
1629 1642 1643 0001
1643 1641 1644 1000
1373 1600 1645 0001
1373 1602 1646 1000
1646 1645 1647 1000
1647 1644 1648 1000
1629 1583 1649 1000
1629 1593 1650 0001
1650 1649 1651 1000
1376 1651 1652 0001
1629 1586 1653 1000
1629 1589 1654 0001
1654 1653 1655 1000
1335 5271 1656 0110
1373 1656 1657 0001
1339 5271 1658 0110
1373 1658 1659 1000
1659 1657 1660 1000
1660 1655 1661 0001
1661 1652 1662 1000
1662 5271 1663 0110
1629 1575 1664 1000
1629 1578 1665 0001
1665 1664 1666 1000
1373 1349 1667 0001
1373 1345 1668 1000
1668 1667 1669 1000
1669 5271 1670 0110
1670 1666 1671 0001
1629 1582 1672 0001
1629 1584 1673 1000
1673 1672 1674 1000
1376 5271 1675 0110
1675 1674 1676 0001
1676 1671 1677 1000
1677 1663 1678 0001
1647 1644 1679 0001
1578 5271 1680 0110
1629 1680 1681 0001
1629 1574 1682 1000
1682 1681 1683 1000
1669 1683 1684 0001
1684 1679 1685 1000
1685 5271 1686 0110
1686 1678 1687 1000
1687 1648 1688 1000
1688 1640 1689 1000
1639 1633 1690 0001
1378 1628 1691 0001
1691 1690 1692 1000
1692 5271 1693 0110
1693 1689 1694 1000
1694 1622 1695 1000
1695 1376 1696 1000
1695 1651 1697 0001
1697 1696 1698 1000
1698 5271 1699 0110
93 285 1700 1001
94 286 1701 1001
1701 1700 1702 0110
95 287 1703 1001
1703 5271 1704 0110
1704 1702 1705 0110
89 281 1706 1001
1706 5271 1707 0110
1707 1705 1708 0110
90 282 1709 1001
91 283 1710 1001
1710 1709 1711 0110
92 284 1712 1001
1712 5271 1713 0110
1713 1711 1714 0110
1714 1708 1715 0110
81 273 1716 1001
1716 5271 1717 0110
1717 1715 1718 0110
86 278 1719 1001
87 279 1720 1001
1720 1719 1721 0110
88 280 1722 1001
1722 5271 1723 0110
1723 1721 1724 0110
82 274 1725 1001
1725 5271 1726 0110
1726 1724 1727 0110
83 275 1728 1001
84 276 1729 1001
1729 1728 1730 0110
85 277 1731 1001
1731 5271 1732 0110
1732 1730 1733 0110
1733 1727 1734 0110
1734 1718 1735 0110
65 257 1736 1001
1736 5271 1737 0110
1737 1735 1738 0110
78 270 1739 1001
79 271 1740 1001
1740 1739 1741 0110
80 272 1742 1001
1742 5271 1743 0110
1743 1741 1744 0110
74 266 1745 1001
1745 5271 1746 0110
1746 1744 1747 0110
75 267 1748 1001
76 268 1749 1001
1749 1748 1750 0110
77 269 1751 1001
1751 5271 1752 0110
1752 1750 1753 0110
1753 1747 1754 0110
66 258 1755 1001
1755 5271 1756 0110
1756 1754 1757 0110
71 263 1758 1001
72 264 1759 1001
1759 1758 1760 0110
73 265 1761 1001
1761 5271 1762 0110
1762 1760 1763 0110
67 259 1764 1001
1764 5271 1765 0110
1765 1763 1766 0110
68 260 1767 1001
69 261 1768 1001
1768 1767 1769 0110
70 262 1770 1001
1770 5271 1771 0110
1771 1769 1772 0110
1772 1766 1773 0110
1773 1757 1774 0110
1774 1738 1775 0110
64 256 1776 1001
1776 5271 1777 0110
1777 1775 1778 0001
1737 1735 1779 0001
1774 1738 1780 0001
1780 1779 1781 1000
1726 1724 1782 0001
1733 1727 1783 0001
1783 1782 1784 1000
1720 1719 1785 1000
1723 1721 1786 0001
1786 1785 1787 1000
1787 1784 1788 0110
1729 1728 1789 1000
1732 1730 1790 0001
1790 1789 1791 1000
1791 5271 1792 0110
1792 1788 1793 0110
1717 1715 1794 0001
1734 1718 1795 0001
1795 1794 1796 1000
1707 1705 1797 0001
1714 1708 1798 0001
1798 1797 1799 1000
1701 1700 1800 1000
1704 1702 1801 0001
1801 1800 1802 1000
1802 1799 1803 0110
1710 1709 1804 1000
1713 1711 1805 0001
1805 1804 1806 1000
1806 1803 1807 0110
1807 1796 1808 0110
1808 1793 1809 1001
1809 1781 1810 0110
1765 1763 1811 0001
1772 1766 1812 0001
1812 1811 1813 1000
1759 1758 1814 1000
1762 1760 1815 0001
1815 1814 1816 1000
1816 1813 1817 0110
1768 1767 1818 1000
1771 1769 1819 0001
1819 1818 1820 1000
1820 1817 1821 0110
1756 1754 1822 0001
1773 1757 1823 0001
1823 1822 1824 1000
1746 1744 1825 0001
1753 1747 1826 0001
1826 1825 1827 1000
1740 1739 1828 1000
1743 1741 1829 0001
1829 1828 1830 1000
1830 1827 1831 0110
1749 1748 1832 1000
1752 1750 1833 0001
1833 1832 1834 1000
1834 1831 1835 0110
1835 1824 1836 0110
1836 1821 1837 0110
1837 5271 1838 0110
1838 1810 1839 0110
1839 1778 1840 0110
1840 5271 1841 0110
1839 1778 1842 0001
1809 1781 1843 1000
1838 1810 1844 0001
1844 1843 1845 1000
1807 1796 1846 1000
1808 1793 1847 0001
1847 1846 1848 1000
1802 1799 1849 1000
1806 5271 1850 0110
1850 1803 1851 0001
1851 1849 1852 1000
1852 1848 1853 0110
1787 1784 1854 1000
1792 1788 1855 0001
1855 1854 1856 1000
1856 1853 1857 0110
1857 1845 1858 0110
1830 1827 1859 1000
1834 5271 1860 0110
1860 1831 1861 0001
1861 1859 1862 1000
1862 5271 1863 0110
1835 1824 1864 0001
1836 1821 1865 0001
1865 1864 1866 1000
1866 1863 1867 0110
1816 1813 1868 1000
1820 5271 1869 0110
1869 1817 1870 0001
1870 1868 1871 1000
1871 5271 1872 0110
1872 1867 1873 0110
1873 1858 1874 0110
1874 1842 1875 0001
1857 1845 1876 1000
1873 1858 1877 0001
1877 1876 1878 1000
1852 1848 1879 1000
1856 5271 1880 0110
1880 1853 1881 0001
1881 1879 1882 1000
1882 1878 1883 0110
1866 1863 1884 0001
1872 1867 1885 0001
1885 1884 1886 1000
1886 5271 1887 0110
1887 1883 1888 0110
1888 1875 1889 0001
1882 1878 1890 1000
1887 1883 1891 0001
1891 1890 1892 1000
1892 5271 1893 0110
1893 1889 1894 0001
1620 1378 1895 1000
1895 1894 1896 0001
1695 1376 1897 0001
1695 1651 1898 1000
1898 1897 1899 1000
1841 1899 1900 0001
1900 5271 1901 0110
1777 1775 1902 0110
1655 5271 1903 0110
1695 1903 1904 1000
1660 5271 1905 0110
1695 1905 1906 0001
1906 1904 1907 1000
1907 1902 1908 0001
1908 1901 1909 0001
1874 1842 1910 0110
1695 1666 1911 1000
1695 1670 1912 0001
1912 1911 1913 1000
1913 1910 1914 0001
1695 1674 1915 1000
1695 1675 1916 0001
1916 1915 1917 1000
1840 1917 1918 0001
1918 1914 1919 1000
1919 5271 1920 0110
1920 1909 1921 1000
1888 1875 1922 0110
1922 5271 1923 0110
1695 1647 1924 0001
1695 1644 1925 1000
1925 1924 1926 1000
1926 1923 1927 0001
1910 5271 1928 0110
1695 1669 1929 0001
1695 1683 1930 1000
1930 1929 1931 1000
1931 1928 1932 0001
1932 1927 1933 1000
1933 5271 1934 0110
1934 1921 1935 1000
1926 1923 1936 1000
1892 1889 1937 1001
1695 1633 1938 1000
1695 1639 1939 0001
1939 1938 1940 1000
1940 1937 1941 0001
1941 1936 1942 1000
1942 5271 1943 0110
1943 1935 1944 1000
1940 1937 1945 1000
1895 1894 1946 1000
1946 1945 1947 1000
1947 5271 1948 0110
1948 1944 1949 1000
1949 1896 1950 1000
1950 1841 1951 0001
1950 1899 1952 1000
1952 1951 1953 1000
1698 1953 1954 0001
1695 1660 1955 1000
1695 1655 1956 0001
1956 1955 1957 1000
1907 5271 1958 0110
1950 1958 1959 1000
1902 5271 1960 0110
1950 1960 1961 0001
1961 1959 1962 1000
1962 1957 1963 0001
1963 1954 1964 1000
1964 5271 1965 0110
1950 1913 1966 1000
1950 1910 1967 0001
1967 1966 1968 1000
1695 1669 1969 1000
1695 1683 1970 0001
1970 1969 1971 1000
1971 5271 1972 0110
1972 1968 1973 0001
1950 1917 1974 1000
1950 1840 1975 0001
1975 1974 1976 1000
1699 1976 1977 0001
1977 1973 1978 1000
1978 1965 1979 0001
1950 1923 1980 0001
1950 1926 1981 1000
1981 1980 1982 1000
1695 1647 1983 1000
1695 1644 1984 0001
1984 1983 1985 1000
1985 1982 1986 0001
1950 1928 1987 0001
1950 1931 1988 1000
1988 1987 1989 1000
1971 1989 1990 0001
1990 1986 1991 1000
1991 5271 1992 0110
1992 1979 1993 1000
1985 1982 1994 1000
1695 1638 1995 1000
1633 5271 1996 0110
1695 1996 1997 0001
1997 1995 1998 1000
1937 5271 1999 0110
1950 1999 2000 0001
1940 5271 2001 0110
1950 2001 2002 1000
2002 2000 2003 1000
2003 1998 2004 1000
2004 1994 2005 1000
2005 5271 2006 0110
2006 1993 2007 1000
2003 1998 2008 0001
1894 5271 2009 0110
1895 2009 2010 1000
1620 1378 2011 0001
2011 5271 2012 0110
2012 2010 2013 0001
2013 2008 2014 1000
2014 5271 2015 0110
2015 2007 2016 1000
2011 2009 2017 0001
2017 2016 2018 1000
2018 1699 2019 0001
2018 1976 2020 1000
2020 2019 2021 1000
2018 2003 2022 1000
2018 1998 2023 0001
2023 2022 2024 1000
2018 2003 2025 0001
2018 1998 2026 1000
2026 2025 2027 1000
2011 2010 2028 1000
2028 5271 2029 0110
61 285 2030 1001
62 286 2031 1001
2031 2030 2032 0110
63 287 2033 1001
2033 5271 2034 0110
2034 2032 2035 0110
57 281 2036 1001
2036 5271 2037 0110
2037 2035 2038 0110
58 282 2039 1001
59 283 2040 1001
2040 2039 2041 0110
60 284 2042 1001
2042 5271 2043 0110
2043 2041 2044 0110
2044 2038 2045 0110
49 273 2046 1001
2046 5271 2047 0110
2047 2045 2048 0110
54 278 2049 1001
55 279 2050 1001
2050 2049 2051 0110
56 280 2052 1001
2052 5271 2053 0110
2053 2051 2054 0110
50 274 2055 1001
2055 5271 2056 0110
2056 2054 2057 0110
51 275 2058 1001
52 276 2059 1001
2059 2058 2060 0110
53 277 2061 1001
2061 5271 2062 0110
2062 2060 2063 0110
2063 2057 2064 0110
2064 2048 2065 0110
33 257 2066 1001
2066 5271 2067 0110
2067 2065 2068 0001
2067 2065 2069 0110
46 270 2070 1001
47 271 2071 1001
2071 2070 2072 0110
48 272 2073 1001
2073 5271 2074 0110
2074 2072 2075 0110
42 266 2076 1001
2076 5271 2077 0110
2077 2075 2078 0110
43 267 2079 1001
44 268 2080 1001
2080 2079 2081 0110
45 269 2082 1001
2082 5271 2083 0110
2083 2081 2084 0110
2084 2078 2085 0110
34 258 2086 1001
2086 5271 2087 0110
2087 2085 2088 0110
39 263 2089 1001
40 264 2090 1001
2090 2089 2091 0110
41 265 2092 1001
2092 5271 2093 0110
2093 2091 2094 0110
35 259 2095 1001
2095 5271 2096 0110
2096 2094 2097 0110
36 260 2098 1001
37 261 2099 1001
2099 2098 2100 0110
38 262 2101 1001
2101 5271 2102 0110
2102 2100 2103 0110
2103 2097 2104 0110
2104 2088 2105 0110
2105 2069 2106 0001
2106 2068 2107 1000
2056 2054 2108 0001
2063 2057 2109 0001
2109 2108 2110 1000
2050 2049 2111 1000
2053 2051 2112 0001
2112 2111 2113 1000
2113 2110 2114 0110
2059 2058 2115 1000
2062 2060 2116 0001
2116 2115 2117 1000
2117 5271 2118 0110
2118 2114 2119 0110
2047 2045 2120 0001
2064 2048 2121 0001
2121 2120 2122 1000
2037 2035 2123 0001
2044 2038 2124 0001
2124 2123 2125 1000
2031 2030 2126 1000
2034 2032 2127 0001
2127 2126 2128 1000
2128 2125 2129 0110
2040 2039 2130 1000
2043 2041 2131 0001
2131 2130 2132 1000
2132 2129 2133 0110
2133 2122 2134 0110
2134 2119 2135 1001
2135 2107 2136 1000
2135 2107 2137 0110
2096 2094 2138 0001
2103 2097 2139 0001
2139 2138 2140 1000
2090 2089 2141 1000
2093 2091 2142 0001
2142 2141 2143 1000
2143 2140 2144 0110
2099 2098 2145 1000
2102 2100 2146 0001
2146 2145 2147 1000
2147 2144 2148 0110
2087 2085 2149 0001
2104 2088 2150 0001
2150 2149 2151 1000
2077 2075 2152 0001
2084 2078 2153 0001
2153 2152 2154 1000
2071 2070 2155 1000
2074 2072 2156 0001
2156 2155 2157 1000
2157 2154 2158 0110
2080 2079 2159 1000
2083 2081 2160 0001
2160 2159 2161 1000
2161 2158 2162 0110
2162 2151 2163 0110
2163 2148 2164 0110
2164 5271 2165 0110
2165 2137 2166 0001
2166 2136 2167 1000
2133 2122 2168 1000
2134 2119 2169 0001
2169 2168 2170 1000
2128 2125 2171 1000
2132 5271 2172 0110
2172 2129 2173 0001
2173 2171 2174 1000
2174 2170 2175 0110
2113 2110 2176 1000
2118 2114 2177 0001
2177 2176 2178 1000
2178 2175 2179 0110
2179 2167 2180 0110
2157 2154 2181 1000
2161 5271 2182 0110
2182 2158 2183 0001
2183 2181 2184 1000
2184 5271 2185 0110
2162 2151 2186 0001
2163 2148 2187 0001
2187 2186 2188 1000
2188 2185 2189 0110
2143 2140 2190 1000
2147 5271 2191 0110
2191 2144 2192 0001
2192 2190 2193 1000
2193 5271 2194 0110
2194 2189 2195 0110
2195 2180 2196 0110
2105 2069 2197 0110
32 256 2198 1001
2198 5271 2199 0110
2199 2197 2200 0001
2165 2137 2201 0110
2201 2200 2202 0001
2202 2196 2203 0001
2179 2167 2204 1000
2195 2180 2205 0001
2205 2204 2206 1000
2174 2170 2207 1000
2178 5271 2208 0110
2208 2175 2209 0001
2209 2207 2210 1000
2210 2206 2211 0110
2188 2185 2212 0001
2194 2189 2213 0001
2213 2212 2214 1000
2214 5271 2215 0110
2215 2211 2216 0110
2216 2203 2217 0001
2210 2206 2218 1000
2215 2211 2219 0001
2219 2218 2220 1000
2220 5271 2221 0110
2221 2217 2222 0001
2216 2203 2223 0110
2018 1982 2224 0001
2018 1985 2225 1000
2225 2224 2226 1000
2226 2223 2227 1000
2202 2196 2228 0110
2228 5271 2229 0110
2018 1972 2230 1000
2018 1968 2231 0001
2231 2230 2232 1000
2232 2229 2233 1000
2018 1953 2234 0001
2018 1698 2235 1000
2235 2234 2236 1000
2201 2200 2237 0110
2237 2236 2238 0001
2199 2197 2239 0110
2018 1962 2240 0001
2018 1957 2241 1000
2241 2240 2242 1000
2242 2239 2243 0001
2243 2238 2244 1000
2244 5271 2245 0110
2232 2229 2246 0001
2018 1699 2247 1000
2018 1976 2248 0001
2248 2247 2249 1000
2237 5271 2250 0110
2250 2249 2251 0001
2251 2246 2252 1000
2252 2245 2253 0001
2253 2233 2254 1000
2254 2227 2255 1000
2226 2223 2256 0001
2220 2217 2257 1001
2027 2257 2258 0001
2258 2256 2259 1000
2259 5271 2260 0110
2260 2255 2261 1000
1378 5271 2262 0110
2262 1628 2263 1000
2263 2010 2264 1000
2264 5271 2265 0110
2027 2257 2266 1000
2266 2265 2267 1000
2267 5271 2268 0110
2268 2261 2269 1000
2269 2222 2270 1000
2270 2029 2271 1000
2271 5271 2272 0110
2272 2027 2273 1000
2257 5271 2274 0110
2271 2274 2275 1000
2275 2273 2276 1000
2276 2024 2277 1000
2271 2223 2278 1000
2271 2226 2279 0001
2279 2278 2280 1000
1985 5271 2281 0110
2018 2281 2282 0001
1982 5271 2283 0110
2018 2283 2284 1000
2284 2282 2285 1000
2285 2280 2286 1000
2271 2237 2287 1000
2271 2236 2288 0001
2288 2287 2289 1000
2021 2289 2290 0001
1957 5271 2291 0110
2018 2291 2292 0001
1962 5271 2293 0110
2018 2293 2294 1000
2294 2292 2295 1000
2271 2242 2296 0001
2271 2239 2297 1000
2297 2296 2298 1000
2298 2295 2299 0001
2299 2290 2300 1000
2300 5271 2301 0110
2271 2232 2302 0001
2271 2229 2303 1000
2303 2302 2304 1000
2018 1972 2305 0001
2018 1968 2306 1000
2306 2305 2307 1000
2307 5271 2308 0110
2308 2304 2309 0001
2271 2249 2310 0001
2271 2250 2311 1000
2311 2310 2312 1000
2021 5271 2313 0110
2313 2312 2314 0001
2314 2309 2315 1000
2315 2301 2316 0001
2271 2228 2317 1000
2232 5271 2318 0110
2271 2318 2319 0001
2319 2317 2320 1000
2307 2320 2321 0001
2285 2280 2322 0001
2322 2321 2323 1000
2323 5271 2324 0110
2324 2316 2325 1000
2325 2286 2326 1000
2326 2277 2327 1000
2276 2024 2328 0001
2263 1894 2329 0001
2329 2270 2330 0001
2330 2328 2331 1000
2331 5271 2332 0110
2332 2327 2333 1000
2329 5271 2334 0110
2222 5271 2335 0110
2335 2264 2336 1000
2336 2334 2337 0001
2337 2333 2338 1000
2338 2021 2339 0001
2338 2289 2340 1000
2340 2339 2341 1000
29 285 2342 1001
30 286 2343 1001
2343 2342 2344 0110
31 287 2345 1001
2345 5271 2346 0110
2346 2344 2347 0110
25 281 2348 1001
2348 5271 2349 0110
2349 2347 2350 0110
26 282 2351 1001
27 283 2352 1001
2352 2351 2353 0110
28 284 2354 1001
2354 5271 2355 0110
2355 2353 2356 0110
2356 2350 2357 0110
17 273 2358 1001
2358 5271 2359 0110
2359 2357 2360 0110
22 278 2361 1001
23 279 2362 1001
2362 2361 2363 0110
24 280 2364 1001
2364 5271 2365 0110
2365 2363 2366 0110
18 274 2367 1001
2367 5271 2368 0110
2368 2366 2369 0110
19 275 2370 1001
20 276 2371 1001
2371 2370 2372 0110
21 277 2373 1001
2373 5271 2374 0110
2374 2372 2375 0110
2375 2369 2376 0110
2376 2360 2377 0110
1 257 2378 1001
2378 5271 2379 0110
2379 2377 2380 0110
14 270 2381 1001
15 271 2382 1001
2382 2381 2383 0110
16 272 2384 1001
2384 5271 2385 0110
2385 2383 2386 0110
10 266 2387 1001
2387 5271 2388 0110
2388 2386 2389 0110
11 267 2390 1001
12 268 2391 1001
2391 2390 2392 0110
13 269 2393 1001
2393 5271 2394 0110
2394 2392 2395 0110
2395 2389 2396 0110
2 258 2397 1001
2397 5271 2398 0110
2398 2396 2399 0110
7 263 2400 1001
8 264 2401 1001
2401 2400 2402 0110
9 265 2403 1001
2403 5271 2404 0110
2404 2402 2405 0110
3 259 2406 1001
2406 5271 2407 0110
2407 2405 2408 0110
4 260 2409 1001
5 261 2410 1001
2410 2409 2411 0110
6 262 2412 1001
2412 5271 2413 0110
2413 2411 2414 0110
2414 2408 2415 0110
2415 2399 2416 0110
2416 2380 2417 0110
0 256 2418 1001
2418 5271 2419 0110
2419 2417 2420 0001
2379 2377 2421 0001
2416 2380 2422 0001
2422 2421 2423 1000
2368 2366 2424 0001
2375 2369 2425 0001
2425 2424 2426 1000
2362 2361 2427 1000
2365 2363 2428 0001
2428 2427 2429 1000
2429 2426 2430 0110
2371 2370 2431 1000
2374 2372 2432 0001
2432 2431 2433 1000
2433 5271 2434 0110
2434 2430 2435 0110
2359 2357 2436 0001
2376 2360 2437 0001
2437 2436 2438 1000
2349 2347 2439 0001
2356 2350 2440 0001
2440 2439 2441 1000
2343 2342 2442 1000
2346 2344 2443 0001
2443 2442 2444 1000
2444 2441 2445 0110
2352 2351 2446 1000
2355 2353 2447 0001
2447 2446 2448 1000
2448 2445 2449 0110
2449 2438 2450 0110
2450 2435 2451 1001
2451 2423 2452 0110
2407 2405 2453 0001
2414 2408 2454 0001
2454 2453 2455 1000
2401 2400 2456 1000
2404 2402 2457 0001
2457 2456 2458 1000
2458 2455 2459 0110
2410 2409 2460 1000
2413 2411 2461 0001
2461 2460 2462 1000
2462 2459 2463 0110
2398 2396 2464 0001
2415 2399 2465 0001
2465 2464 2466 1000
2388 2386 2467 0001
2395 2389 2468 0001
2468 2467 2469 1000
2382 2381 2470 1000
2385 2383 2471 0001
2471 2470 2472 1000
2472 2469 2473 0110
2391 2390 2474 1000
2394 2392 2475 0001
2475 2474 2476 1000
2476 2473 2477 0110
2477 2466 2478 0110
2478 2463 2479 0110
2479 5271 2480 0110
2480 2452 2481 0110
2481 2420 2482 0001
2451 2423 2483 1000
2480 2452 2484 0001
2484 2483 2485 1000
2449 2438 2486 1000
2450 2435 2487 0001
2487 2486 2488 1000
2444 2441 2489 1000
2448 5271 2490 0110
2490 2445 2491 0001
2491 2489 2492 1000
2492 2488 2493 0110
2429 2426 2494 1000
2434 2430 2495 0001
2495 2494 2496 1000
2496 2493 2497 0110
2497 2485 2498 0110
2472 2469 2499 1000
2476 5271 2500 0110
2500 2473 2501 0001
2501 2499 2502 1000
2502 5271 2503 0110
2477 2466 2504 0001
2478 2463 2505 0001
2505 2504 2506 1000
2506 2503 2507 0110
2458 2455 2508 1000
2462 5271 2509 0110
2509 2459 2510 0001
2510 2508 2511 1000
2511 5271 2512 0110
2512 2507 2513 0110
2513 2498 2514 0110
2514 2482 2515 0001
2497 2485 2516 1000
2513 2498 2517 0001
2517 2516 2518 1000
2492 2488 2519 1000
2496 5271 2520 0110
2520 2493 2521 0001
2521 2519 2522 1000
2522 2518 2523 0110
2506 2503 2524 0001
2512 2507 2525 0001
2525 2524 2526 1000
2526 5271 2527 0110
2527 2523 2528 0110
2528 2515 2529 0001
2522 2518 2530 1000
2527 2523 2531 0001
2531 2530 2532 1000
2532 5271 2533 0110
2533 2529 2534 0001
2336 2329 2535 1000
2535 2534 2536 0001
2532 2529 2537 1001
2338 2276 2538 1000
2338 2024 2539 0001
2539 2538 2540 1000
2540 2537 2541 1000
2481 2420 2542 0110
2542 5271 2543 0110
2543 2341 2544 0001
2544 5271 2545 0110
2419 2417 2546 0110
2298 5271 2547 0110
2338 2547 2548 1000
2295 5271 2549 0110
2338 2549 2550 0001
2550 2548 2551 1000
2551 2546 2552 0001
2552 2545 2553 0001
2338 2304 2554 1000
2338 2308 2555 0001
2555 2554 2556 1000
2514 2482 2557 0110
2557 2556 2558 0001
2543 2341 2559 1000
2559 2558 2560 1000
2560 5271 2561 0110
2561 2553 2562 1000
2528 2515 2563 0110
2563 5271 2564 0110
2338 2285 2565 0001
2338 2280 2566 1000
2566 2565 2567 1000
2567 2564 2568 0001
2557 2556 2569 1000
2569 2568 2570 1000
2570 5271 2571 0110
2571 2562 2572 1000
2540 2537 2573 0001
2567 2564 2574 1000
2574 2573 2575 1000
2575 5271 2576 0110
2576 2572 2577 1000
2577 2541 2578 1000
2578 2536 2579 1000
2535 2534 2580 1000
2580 2579 2581 1000
2581 2341 2582 0001
2581 2543 2583 1000
2583 2582 2584 1000
2338 2021 2585 1000
2338 2289 2586 0001
2586 2585 2587 1000
2587 5271 2588 0110
2588 2584 2589 1000
2338 2549 2590 1000
2338 2547 2591 0001
2591 2590 2592 1000
2546 5271 2593 0110
2581 2593 2594 1000
2551 5271 2595 0110
2581 2595 2596 0001
2596 2594 2597 1000
2597 2592 2598 1000
2598 2589 2599 1000
2599 5271 2600 0110
2581 2557 2601 1000
2581 2556 2602 0001
2602 2601 2603 1000
2338 2307 2604 1000
2338 2320 2605 0001
2605 2604 2606 1000
2606 2603 2607 1000
2588 2584 2608 0001
2608 2607 2609 1000
2609 2600 2610 0001
2606 2603 2611 0001
2581 2567 2612 0001
2581 2564 2613 1000
2613 2612 2614 1000
2338 2285 2615 1000
2338 2280 2616 0001
2616 2615 2617 1000
2617 5271 2618 0110
2618 2614 2619 1000
2619 2611 2620 1000
2620 5271 2621 0110
2621 2610 2622 1000
2618 2614 2623 0001
2581 5271 2624 0110
2624 2540 2625 1000
2532 2529 2626 0110
2581 2626 2627 1000
2627 2625 2628 1000
2338 2276 2629 0001
2338 2024 2630 1000
2630 2629 2631 1000
2631 2628 2632 0001
2632 2623 2633 1000
2633 5271 2634 0110
2634 2622 2635 1000
2631 2628 2636 1000
2334 2270 2637 1000
2534 5271 2638 0110
2535 2638 2639 1000
2639 5271 2640 0110
2640 2637 2641 1000
2641 2636 2642 1000
2642 5271 2643 0110
2643 2635 2644 1000
2637 2638 2645 0001
2645 2644 2646 1000
733 192 2647 0001
729 224 2648 0001
2648 2647 2649 1000
2649 5271 2650 0110
2650 1051 2651 0001
224 5271 2652 0110
733 2652 2653 0001
192 5271 2654 0110
729 2654 2655 0001
2655 2653 2656 1000
2656 991 2657 0001
160 5271 2658 0110
991 2658 2659 1000
2659 2657 2660 1000
2660 1051 2661 1000
2661 2651 2662 1000
2662 5271 2663 0110
2663 1373 2664 0001
2649 1051 2665 1000
2660 5271 2666 0110
2666 1051 2667 0001
2667 2665 2668 1000
2668 5271 2669 0110
2669 1323 2670 0001
1312 128 2671 0001
2671 2670 2672 1000
2672 1373 2673 1000
2673 2664 2674 1000
2674 1695 2675 1000
2662 1373 2676 1000
2672 5271 2677 0110
2677 1373 2678 0001
2678 2676 2679 1000
2679 5271 2680 0110
2680 1629 2681 0001
96 5271 2682 0110
1629 2682 2683 1000
2683 2681 2684 1000
2684 5271 2685 0110
2685 1695 2686 0001
2686 2675 2687 1000
2687 2018 2688 1000
2674 1695 2689 0001
2685 1695 2690 1000
2690 2689 2691 1000
2691 5271 2692 0110
2692 1950 2693 1000
1950 64 2694 0001
2694 2693 2695 1000
2695 5271 2696 0110
2696 2018 2697 0001
2697 2688 2698 1000
2698 5271 2699 0110
2699 2271 2700 0001
32 5271 2701 0110
2271 2701 2702 1000
2702 2700 2703 1000
2703 2338 2704 1000
2687 5271 2705 0110
2705 2018 2706 0001
2695 2018 2707 1000
2707 2706 2708 1000
2708 5271 2709 0110
2709 2338 2710 0001
2710 2704 2711 1000
2711 5271 2712 0110
2712 2581 2713 0001
0 5271 2714 0110
2581 2714 2715 1000
2715 2713 2716 1000
2716 5271 2717 0110
2717 2646 2718 1000
2708 2338 2719 1000
2703 5271 2720 0110
2720 2338 2721 0001
2721 2719 2722 1000
2722 2646 2723 0001
2723 2718 2724 1000
733 193 2725 0001
729 225 2726 0001
2726 2725 2727 1000
2727 5271 2728 0110
2728 1051 2729 0001
225 5271 2730 0110
733 2730 2731 0001
193 5271 2732 0110
729 2732 2733 0001
2733 2731 2734 1000
2734 991 2735 0001
161 5271 2736 0110
991 2736 2737 1000
2737 2735 2738 1000
2738 1051 2739 1000
2739 2729 2740 1000
2740 5271 2741 0110
2741 1373 2742 0001
2727 1051 2743 1000
2738 5271 2744 0110
2744 1051 2745 0001
2745 2743 2746 1000
2746 5271 2747 0110
2747 1323 2748 0001
1312 129 2749 0001
2749 2748 2750 1000
2750 1373 2751 1000
2751 2742 2752 1000
2752 1695 2753 1000
97 5271 2754 0110
1629 2754 2755 1000
2740 1373 2756 1000
2750 5271 2757 0110
2757 1373 2758 0001
2758 2756 2759 1000
2759 5271 2760 0110
2760 1629 2761 0001
2761 2755 2762 1000
2762 5271 2763 0110
2763 1695 2764 0001
2764 2753 2765 1000
2765 2018 2766 1000
2752 1695 2767 0001
2763 1695 2768 1000
2768 2767 2769 1000
2769 5271 2770 0110
2770 1950 2771 1000
1950 65 2772 0001
2772 2771 2773 1000
2773 5271 2774 0110
2774 2018 2775 0001
2775 2766 2776 1000
2776 5271 2777 0110
2777 2271 2778 0001
33 5271 2779 0110
2271 2779 2780 1000
2780 2778 2781 1000
2781 2338 2782 1000
2765 5271 2783 0110
2783 2018 2784 0001
2773 2018 2785 1000
2785 2784 2786 1000
2786 5271 2787 0110
2787 2338 2788 0001
2788 2782 2789 1000
2789 5271 2790 0110
2790 2581 2791 0001
1 5271 2792 0110
2581 2792 2793 1000
2793 2791 2794 1000
2794 5271 2795 0110
2795 2646 2796 1000
2786 2338 2797 1000
2781 5271 2798 0110
2798 2338 2799 0001
2799 2797 2800 1000
2800 2646 2801 0001
2801 2796 2802 1000
733 194 2803 0001
729 226 2804 0001
2804 2803 2805 1000
2805 5271 2806 0110
2806 1051 2807 0001
226 5271 2808 0110
733 2808 2809 0001
194 5271 2810 0110
729 2810 2811 0001
2811 2809 2812 1000
2812 991 2813 0001
162 5271 2814 0110
991 2814 2815 1000
2815 2813 2816 1000
2816 1051 2817 1000
2817 2807 2818 1000
2818 5271 2819 0110
2819 1373 2820 0001
2805 1051 2821 1000
2816 5271 2822 0110
2822 1051 2823 0001
2823 2821 2824 1000
2824 5271 2825 0110
2825 1323 2826 0001
1312 130 2827 0001
2827 2826 2828 1000
2828 1373 2829 1000
2829 2820 2830 1000
2830 1695 2831 1000
2818 1373 2832 1000
2828 5271 2833 0110
2833 1373 2834 0001
2834 2832 2835 1000
2835 5271 2836 0110
2836 1629 2837 0001
98 5271 2838 0110
1629 2838 2839 1000
2839 2837 2840 1000
2840 5271 2841 0110
2841 1695 2842 0001
2842 2831 2843 1000
2843 2018 2844 1000
1950 66 2845 0001
2830 1695 2846 0001
2841 1695 2847 1000
2847 2846 2848 1000
2848 5271 2849 0110
2849 1950 2850 1000
2850 2845 2851 1000
2851 5271 2852 0110
2852 2018 2853 0001
2853 2844 2854 1000
2854 5271 2855 0110
2855 2271 2856 0001
34 5271 2857 0110
2271 2857 2858 1000
2858 2856 2859 1000
2859 2338 2860 1000
2843 5271 2861 0110
2861 2018 2862 0001
2851 2018 2863 1000
2863 2862 2864 1000
2864 5271 2865 0110
2865 2338 2866 0001
2866 2860 2867 1000
2867 5271 2868 0110
2868 2581 2869 0001
2 5271 2870 0110
2581 2870 2871 1000
2871 2869 2872 1000
2872 5271 2873 0110
2873 2646 2874 1000
2864 2338 2875 1000
2859 5271 2876 0110
2876 2338 2877 0001
2877 2875 2878 1000
2878 2646 2879 0001
2879 2874 2880 1000
733 195 2881 0001
729 227 2882 0001
2882 2881 2883 1000
2883 5271 2884 0110
2884 1051 2885 0001
227 5271 2886 0110
733 2886 2887 0001
195 5271 2888 0110
729 2888 2889 0001
2889 2887 2890 1000
2890 991 2891 0001
163 5271 2892 0110
991 2892 2893 1000
2893 2891 2894 1000
2894 1051 2895 1000
2895 2885 2896 1000
2896 5271 2897 0110
2897 1373 2898 0001
2883 1051 2899 1000
2894 5271 2900 0110
2900 1051 2901 0001
2901 2899 2902 1000
2902 5271 2903 0110
2903 1323 2904 0001
1312 131 2905 0001
2905 2904 2906 1000
2906 1373 2907 1000
2907 2898 2908 1000
2908 1695 2909 1000
2896 1373 2910 1000
2906 5271 2911 0110
2911 1373 2912 0001
2912 2910 2913 1000
2913 5271 2914 0110
2914 1629 2915 0001
99 5271 2916 0110
1629 2916 2917 1000
2917 2915 2918 1000
2918 5271 2919 0110
2919 1695 2920 0001
2920 2909 2921 1000
2921 2018 2922 1000
1950 67 2923 0001
2908 1695 2924 0001
2919 1695 2925 1000
2925 2924 2926 1000
2926 5271 2927 0110
2927 1950 2928 1000
2928 2923 2929 1000
2929 5271 2930 0110
2930 2018 2931 0001
2931 2922 2932 1000
2932 5271 2933 0110
2933 2271 2934 0001
35 5271 2935 0110
2271 2935 2936 1000
2936 2934 2937 1000
2937 2338 2938 1000
2921 5271 2939 0110
2939 2018 2940 0001
2929 2018 2941 1000
2941 2940 2942 1000
2942 5271 2943 0110
2943 2338 2944 0001
2944 2938 2945 1000
2945 5271 2946 0110
2946 2581 2947 0001
3 5271 2948 0110
2581 2948 2949 1000
2949 2947 2950 1000
2950 5271 2951 0110
2951 2646 2952 1000
2942 2338 2953 1000
2937 5271 2954 0110
2954 2338 2955 0001
2955 2953 2956 1000
2956 2646 2957 0001
2957 2952 2958 1000
733 196 2959 0001
729 228 2960 0001
2960 2959 2961 1000
2961 5271 2962 0110
2962 1051 2963 0001
228 5271 2964 0110
733 2964 2965 0001
196 5271 2966 0110
729 2966 2967 0001
2967 2965 2968 1000
2968 991 2969 0001
164 5271 2970 0110
991 2970 2971 1000
2971 2969 2972 1000
2972 1051 2973 1000
2973 2963 2974 1000
2974 5271 2975 0110
2975 1373 2976 0001
2961 1051 2977 1000
2972 5271 2978 0110
2978 1051 2979 0001
2979 2977 2980 1000
2980 5271 2981 0110
2981 1323 2982 0001
1312 132 2983 0001
2983 2982 2984 1000
2984 1373 2985 1000
2985 2976 2986 1000
2986 1695 2987 1000
2974 1373 2988 1000
2984 5271 2989 0110
2989 1373 2990 0001
2990 2988 2991 1000
2991 5271 2992 0110
2992 1629 2993 0001
100 5271 2994 0110
1629 2994 2995 1000
2995 2993 2996 1000
2996 5271 2997 0110
2997 1695 2998 0001
2998 2987 2999 1000
2999 2018 3000 1000
2986 1695 3001 0001
2997 1695 3002 1000
3002 3001 3003 1000
3003 5271 3004 0110
3004 1950 3005 1000
1950 68 3006 0001
3006 3005 3007 1000
3007 5271 3008 0110
3008 2018 3009 0001
3009 3000 3010 1000
3010 5271 3011 0110
3011 2271 3012 0001
36 5271 3013 0110
2271 3013 3014 1000
3014 3012 3015 1000
3015 2338 3016 1000
2999 5271 3017 0110
3017 2018 3018 0001
3007 2018 3019 1000
3019 3018 3020 1000
3020 5271 3021 0110
3021 2338 3022 0001
3022 3016 3023 1000
3023 5271 3024 0110
3024 2581 3025 0001
4 5271 3026 0110
2581 3026 3027 1000
3027 3025 3028 1000
3028 5271 3029 0110
3029 2646 3030 1000
3020 2338 3031 1000
3015 5271 3032 0110
3032 2338 3033 0001
3033 3031 3034 1000
3034 2646 3035 0001
3035 3030 3036 1000
733 197 3037 0001
729 229 3038 0001
3038 3037 3039 1000
3039 5271 3040 0110
3040 1051 3041 0001
229 5271 3042 0110
733 3042 3043 0001
197 5271 3044 0110
729 3044 3045 0001
3045 3043 3046 1000
3046 991 3047 0001
165 5271 3048 0110
991 3048 3049 1000
3049 3047 3050 1000
3050 1051 3051 1000
3051 3041 3052 1000
3052 5271 3053 0110
3053 1373 3054 0001
3039 1051 3055 1000
3050 5271 3056 0110
3056 1051 3057 0001
3057 3055 3058 1000
3058 5271 3059 0110
3059 1323 3060 0001
1312 133 3061 0001
3061 3060 3062 1000
3062 1373 3063 1000
3063 3054 3064 1000
3064 1695 3065 1000
101 5271 3066 0110
1629 3066 3067 1000
3052 1373 3068 1000
3062 5271 3069 0110
3069 1373 3070 0001
3070 3068 3071 1000
3071 5271 3072 0110
3072 1629 3073 0001
3073 3067 3074 1000
3074 5271 3075 0110
3075 1695 3076 0001
3076 3065 3077 1000
3077 2018 3078 1000
1950 69 3079 0001
3064 1695 3080 0001
3075 1695 3081 1000
3081 3080 3082 1000
3082 5271 3083 0110
3083 1950 3084 1000
3084 3079 3085 1000
3085 5271 3086 0110
3086 2018 3087 0001
3087 3078 3088 1000
3088 5271 3089 0110
3089 2271 3090 0001
37 5271 3091 0110
2271 3091 3092 1000
3092 3090 3093 1000
3093 2338 3094 1000
3077 5271 3095 0110
3095 2018 3096 0001
3085 2018 3097 1000
3097 3096 3098 1000
3098 5271 3099 0110
3099 2338 3100 0001
3100 3094 3101 1000
3101 5271 3102 0110
3102 2581 3103 0001
5 5271 3104 0110
2581 3104 3105 1000
3105 3103 3106 1000
3106 5271 3107 0110
3107 2646 3108 1000
3098 2338 3109 1000
3093 5271 3110 0110
3110 2338 3111 0001
3111 3109 3112 1000
3112 2646 3113 0001
3113 3108 3114 1000
733 198 3115 0001
729 230 3116 0001
3116 3115 3117 1000
3117 5271 3118 0110
3118 1051 3119 0001
230 5271 3120 0110
733 3120 3121 0001
198 5271 3122 0110
729 3122 3123 0001
3123 3121 3124 1000
3124 991 3125 0001
166 5271 3126 0110
991 3126 3127 1000
3127 3125 3128 1000
3128 1051 3129 1000
3129 3119 3130 1000
3130 5271 3131 0110
3131 1373 3132 0001
3117 1051 3133 1000
3128 5271 3134 0110
3134 1051 3135 0001
3135 3133 3136 1000
3136 5271 3137 0110
3137 1323 3138 0001
1312 134 3139 0001
3139 3138 3140 1000
3140 1373 3141 1000
3141 3132 3142 1000
3142 1695 3143 1000
102 5271 3144 0110
1629 3144 3145 1000
3130 1373 3146 1000
3140 5271 3147 0110
3147 1373 3148 0001
3148 3146 3149 1000
3149 5271 3150 0110
3150 1629 3151 0001
3151 3145 3152 1000
3152 5271 3153 0110
3153 1695 3154 0001
3154 3143 3155 1000
3155 2018 3156 1000
1950 70 3157 0001
3142 1695 3158 0001
3153 1695 3159 1000
3159 3158 3160 1000
3160 5271 3161 0110
3161 1950 3162 1000
3162 3157 3163 1000
3163 5271 3164 0110
3164 2018 3165 0001
3165 3156 3166 1000
3166 5271 3167 0110
3167 2271 3168 0001
38 5271 3169 0110
2271 3169 3170 1000
3170 3168 3171 1000
3171 2338 3172 1000
3155 5271 3173 0110
3173 2018 3174 0001
3163 2018 3175 1000
3175 3174 3176 1000
3176 5271 3177 0110
3177 2338 3178 0001
3178 3172 3179 1000
3179 5271 3180 0110
3180 2581 3181 0001
6 5271 3182 0110
2581 3182 3183 1000
3183 3181 3184 1000
3184 5271 3185 0110
3185 2646 3186 1000
3176 2338 3187 1000
3171 5271 3188 0110
3188 2338 3189 0001
3189 3187 3190 1000
3190 2646 3191 0001
3191 3186 3192 1000
733 199 3193 0001
729 231 3194 0001
3194 3193 3195 1000
3195 5271 3196 0110
3196 1051 3197 0001
231 5271 3198 0110
733 3198 3199 0001
199 5271 3200 0110
729 3200 3201 0001
3201 3199 3202 1000
3202 991 3203 0001
167 5271 3204 0110
991 3204 3205 1000
3205 3203 3206 1000
3206 1051 3207 1000
3207 3197 3208 1000
3208 5271 3209 0110
3209 1373 3210 0001
3195 1051 3211 1000
3206 5271 3212 0110
3212 1051 3213 0001
3213 3211 3214 1000
3214 5271 3215 0110
3215 1323 3216 0001
1312 135 3217 0001
3217 3216 3218 1000
3218 1373 3219 1000
3219 3210 3220 1000
3220 1695 3221 1000
103 5271 3222 0110
1629 3222 3223 1000
3208 1373 3224 1000
3218 5271 3225 0110
3225 1373 3226 0001
3226 3224 3227 1000
3227 5271 3228 0110
3228 1629 3229 0001
3229 3223 3230 1000
3230 5271 3231 0110
3231 1695 3232 0001
3232 3221 3233 1000
3233 2018 3234 1000
1950 71 3235 0001
3220 1695 3236 0001
3231 1695 3237 1000
3237 3236 3238 1000
3238 5271 3239 0110
3239 1950 3240 1000
3240 3235 3241 1000
3241 5271 3242 0110
3242 2018 3243 0001
3243 3234 3244 1000
3244 5271 3245 0110
3245 2271 3246 0001
39 5271 3247 0110
2271 3247 3248 1000
3248 3246 3249 1000
3249 2338 3250 1000
3233 5271 3251 0110
3251 2018 3252 0001
3241 2018 3253 1000
3253 3252 3254 1000
3254 5271 3255 0110
3255 2338 3256 0001
3256 3250 3257 1000
3257 5271 3258 0110
3258 2581 3259 0001
7 5271 3260 0110
2581 3260 3261 1000
3261 3259 3262 1000
3262 5271 3263 0110
3263 2646 3264 1000
3254 2338 3265 1000
3249 5271 3266 0110
3266 2338 3267 0001
3267 3265 3268 1000
3268 2646 3269 0001
3269 3264 3270 1000
733 200 3271 0001
729 232 3272 0001
3272 3271 3273 1000
3273 5271 3274 0110
3274 1051 3275 0001
232 5271 3276 0110
733 3276 3277 0001
200 5271 3278 0110
729 3278 3279 0001
3279 3277 3280 1000
3280 991 3281 0001
168 5271 3282 0110
991 3282 3283 1000
3283 3281 3284 1000
3284 1051 3285 1000
3285 3275 3286 1000
3286 5271 3287 0110
3287 1373 3288 0001
3273 1051 3289 1000
3284 5271 3290 0110
3290 1051 3291 0001
3291 3289 3292 1000
3292 5271 3293 0110
3293 1323 3294 0001
1312 136 3295 0001
3295 3294 3296 1000
3296 1373 3297 1000
3297 3288 3298 1000
3298 1695 3299 1000
104 5271 3300 0110
1629 3300 3301 1000
3286 1373 3302 1000
3296 5271 3303 0110
3303 1373 3304 0001
3304 3302 3305 1000
3305 5271 3306 0110
3306 1629 3307 0001
3307 3301 3308 1000
3308 5271 3309 0110
3309 1695 3310 0001
3310 3299 3311 1000
3311 2018 3312 1000
3298 1695 3313 0001
3309 1695 3314 1000
3314 3313 3315 1000
3315 5271 3316 0110
3316 1950 3317 1000
1950 72 3318 0001
3318 3317 3319 1000
3319 5271 3320 0110
3320 2018 3321 0001
3321 3312 3322 1000
3322 5271 3323 0110
3323 2271 3324 0001
40 5271 3325 0110
2271 3325 3326 1000
3326 3324 3327 1000
3327 2338 3328 1000
3311 5271 3329 0110
3329 2018 3330 0001
3319 2018 3331 1000
3331 3330 3332 1000
3332 5271 3333 0110
3333 2338 3334 0001
3334 3328 3335 1000
3335 5271 3336 0110
3336 2581 3337 0001
8 5271 3338 0110
2581 3338 3339 1000
3339 3337 3340 1000
3340 5271 3341 0110
3341 2646 3342 1000
3332 2338 3343 1000
3327 5271 3344 0110
3344 2338 3345 0001
3345 3343 3346 1000
3346 2646 3347 0001
3347 3342 3348 1000
733 201 3349 0001
729 233 3350 0001
3350 3349 3351 1000
3351 5271 3352 0110
3352 1051 3353 0001
233 5271 3354 0110
733 3354 3355 0001
201 5271 3356 0110
729 3356 3357 0001
3357 3355 3358 1000
3358 991 3359 0001
169 5271 3360 0110
991 3360 3361 1000
3361 3359 3362 1000
3362 1051 3363 1000
3363 3353 3364 1000
3364 5271 3365 0110
3365 1373 3366 0001
3351 1051 3367 1000
3362 5271 3368 0110
3368 1051 3369 0001
3369 3367 3370 1000
3370 5271 3371 0110
3371 1323 3372 0001
1312 137 3373 0001
3373 3372 3374 1000
3374 1373 3375 1000
3375 3366 3376 1000
3376 1695 3377 1000
3364 1373 3378 1000
3374 5271 3379 0110
3379 1373 3380 0001
3380 3378 3381 1000
3381 5271 3382 0110
3382 1629 3383 0001
105 5271 3384 0110
1629 3384 3385 1000
3385 3383 3386 1000
3386 5271 3387 0110
3387 1695 3388 0001
3388 3377 3389 1000
3389 2018 3390 1000
1950 73 3391 0001
3376 1695 3392 0001
3387 1695 3393 1000
3393 3392 3394 1000
3394 5271 3395 0110
3395 1950 3396 1000
3396 3391 3397 1000
3397 5271 3398 0110
3398 2018 3399 0001
3399 3390 3400 1000
3400 5271 3401 0110
3401 2271 3402 0001
41 5271 3403 0110
2271 3403 3404 1000
3404 3402 3405 1000
3405 2338 3406 1000
3389 5271 3407 0110
3407 2018 3408 0001
3397 2018 3409 1000
3409 3408 3410 1000
3410 5271 3411 0110
3411 2338 3412 0001
3412 3406 3413 1000
3413 5271 3414 0110
3414 2581 3415 0001
9 5271 3416 0110
2581 3416 3417 1000
3417 3415 3418 1000
3418 5271 3419 0110
3419 2646 3420 1000
3410 2338 3421 1000
3405 5271 3422 0110
3422 2338 3423 0001
3423 3421 3424 1000
3424 2646 3425 0001
3425 3420 3426 1000
733 202 3427 0001
729 234 3428 0001
3428 3427 3429 1000
3429 5271 3430 0110
3430 1051 3431 0001
234 5271 3432 0110
733 3432 3433 0001
202 5271 3434 0110
729 3434 3435 0001
3435 3433 3436 1000
3436 991 3437 0001
170 5271 3438 0110
991 3438 3439 1000
3439 3437 3440 1000
3440 1051 3441 1000
3441 3431 3442 1000
3442 5271 3443 0110
3443 1373 3444 0001
3429 1051 3445 1000
3440 5271 3446 0110
3446 1051 3447 0001
3447 3445 3448 1000
3448 5271 3449 0110
3449 1323 3450 0001
1312 138 3451 0001
3451 3450 3452 1000
3452 1373 3453 1000
3453 3444 3454 1000
3454 1695 3455 1000
106 5271 3456 0110
1629 3456 3457 1000
3442 1373 3458 1000
3452 5271 3459 0110
3459 1373 3460 0001
3460 3458 3461 1000
3461 5271 3462 0110
3462 1629 3463 0001
3463 3457 3464 1000
3464 5271 3465 0110
3465 1695 3466 0001
3466 3455 3467 1000
3467 2018 3468 1000
1950 74 3469 0001
3454 1695 3470 0001
3465 1695 3471 1000
3471 3470 3472 1000
3472 5271 3473 0110
3473 1950 3474 1000
3474 3469 3475 1000
3475 5271 3476 0110
3476 2018 3477 0001
3477 3468 3478 1000
3478 5271 3479 0110
3479 2271 3480 0001
42 5271 3481 0110
2271 3481 3482 1000
3482 3480 3483 1000
3483 2338 3484 1000
3467 5271 3485 0110
3485 2018 3486 0001
3475 2018 3487 1000
3487 3486 3488 1000
3488 5271 3489 0110
3489 2338 3490 0001
3490 3484 3491 1000
3491 5271 3492 0110
3492 2581 3493 0001
10 5271 3494 0110
2581 3494 3495 1000
3495 3493 3496 1000
3496 5271 3497 0110
3497 2646 3498 1000
3488 2338 3499 1000
3483 5271 3500 0110
3500 2338 3501 0001
3501 3499 3502 1000
3502 2646 3503 0001
3503 3498 3504 1000
733 203 3505 0001
729 235 3506 0001
3506 3505 3507 1000
3507 5271 3508 0110
3508 1051 3509 0001
235 5271 3510 0110
733 3510 3511 0001
203 5271 3512 0110
729 3512 3513 0001
3513 3511 3514 1000
3514 991 3515 0001
171 5271 3516 0110
991 3516 3517 1000
3517 3515 3518 1000
3518 1051 3519 1000
3519 3509 3520 1000
3520 5271 3521 0110
3521 1373 3522 0001
3507 1051 3523 1000
3518 5271 3524 0110
3524 1051 3525 0001
3525 3523 3526 1000
3526 5271 3527 0110
3527 1323 3528 0001
1312 139 3529 0001
3529 3528 3530 1000
3530 1373 3531 1000
3531 3522 3532 1000
3532 1695 3533 1000
3520 1373 3534 1000
3530 5271 3535 0110
3535 1373 3536 0001
3536 3534 3537 1000
3537 5271 3538 0110
3538 1629 3539 0001
107 5271 3540 0110
1629 3540 3541 1000
3541 3539 3542 1000
3542 5271 3543 0110
3543 1695 3544 0001
3544 3533 3545 1000
3545 2018 3546 1000
3532 1695 3547 0001
3543 1695 3548 1000
3548 3547 3549 1000
3549 5271 3550 0110
3550 1950 3551 1000
1950 75 3552 0001
3552 3551 3553 1000
3553 5271 3554 0110
3554 2018 3555 0001
3555 3546 3556 1000
3556 5271 3557 0110
3557 2271 3558 0001
43 5271 3559 0110
2271 3559 3560 1000
3560 3558 3561 1000
3561 2338 3562 1000
3545 5271 3563 0110
3563 2018 3564 0001
3553 2018 3565 1000
3565 3564 3566 1000
3566 5271 3567 0110
3567 2338 3568 0001
3568 3562 3569 1000
3569 5271 3570 0110
3570 2581 3571 0001
11 5271 3572 0110
2581 3572 3573 1000
3573 3571 3574 1000
3574 5271 3575 0110
3575 2646 3576 1000
3566 2338 3577 1000
3561 5271 3578 0110
3578 2338 3579 0001
3579 3577 3580 1000
3580 2646 3581 0001
3581 3576 3582 1000
733 204 3583 0001
729 236 3584 0001
3584 3583 3585 1000
3585 5271 3586 0110
3586 1051 3587 0001
236 5271 3588 0110
733 3588 3589 0001
204 5271 3590 0110
729 3590 3591 0001
3591 3589 3592 1000
3592 991 3593 0001
172 5271 3594 0110
991 3594 3595 1000
3595 3593 3596 1000
3596 1051 3597 1000
3597 3587 3598 1000
3598 5271 3599 0110
3599 1373 3600 0001
3585 1051 3601 1000
3596 5271 3602 0110
3602 1051 3603 0001
3603 3601 3604 1000
3604 5271 3605 0110
3605 1323 3606 0001
1312 140 3607 0001
3607 3606 3608 1000
3608 1373 3609 1000
3609 3600 3610 1000
3610 1695 3611 1000
108 5271 3612 0110
1629 3612 3613 1000
3598 1373 3614 1000
3608 5271 3615 0110
3615 1373 3616 0001
3616 3614 3617 1000
3617 5271 3618 0110
3618 1629 3619 0001
3619 3613 3620 1000
3620 5271 3621 0110
3621 1695 3622 0001
3622 3611 3623 1000
3623 2018 3624 1000
1950 76 3625 0001
3610 1695 3626 0001
3621 1695 3627 1000
3627 3626 3628 1000
3628 5271 3629 0110
3629 1950 3630 1000
3630 3625 3631 1000
3631 5271 3632 0110
3632 2018 3633 0001
3633 3624 3634 1000
3634 5271 3635 0110
3635 2271 3636 0001
44 5271 3637 0110
2271 3637 3638 1000
3638 3636 3639 1000
3639 2338 3640 1000
3623 5271 3641 0110
3641 2018 3642 0001
3631 2018 3643 1000
3643 3642 3644 1000
3644 5271 3645 0110
3645 2338 3646 0001
3646 3640 3647 1000
3647 5271 3648 0110
3648 2581 3649 0001
12 5271 3650 0110
2581 3650 3651 1000
3651 3649 3652 1000
3652 5271 3653 0110
3653 2646 3654 1000
3644 2338 3655 1000
3639 5271 3656 0110
3656 2338 3657 0001
3657 3655 3658 1000
3658 2646 3659 0001
3659 3654 3660 1000
733 205 3661 0001
729 237 3662 0001
3662 3661 3663 1000
3663 5271 3664 0110
3664 1051 3665 0001
237 5271 3666 0110
733 3666 3667 0001
205 5271 3668 0110
729 3668 3669 0001
3669 3667 3670 1000
3670 991 3671 0001
173 5271 3672 0110
991 3672 3673 1000
3673 3671 3674 1000
3674 1051 3675 1000
3675 3665 3676 1000
3676 5271 3677 0110
3677 1373 3678 0001
3663 1051 3679 1000
3674 5271 3680 0110
3680 1051 3681 0001
3681 3679 3682 1000
3682 5271 3683 0110
3683 1323 3684 0001
1312 141 3685 0001
3685 3684 3686 1000
3686 1373 3687 1000
3687 3678 3688 1000
3688 1695 3689 1000
3676 1373 3690 1000
3686 5271 3691 0110
3691 1373 3692 0001
3692 3690 3693 1000
3693 5271 3694 0110
3694 1629 3695 0001
109 5271 3696 0110
1629 3696 3697 1000
3697 3695 3698 1000
3698 5271 3699 0110
3699 1695 3700 0001
3700 3689 3701 1000
3701 2018 3702 1000
3688 1695 3703 0001
3699 1695 3704 1000
3704 3703 3705 1000
3705 5271 3706 0110
3706 1950 3707 1000
1950 77 3708 0001
3708 3707 3709 1000
3709 5271 3710 0110
3710 2018 3711 0001
3711 3702 3712 1000
3712 5271 3713 0110
3713 2271 3714 0001
45 5271 3715 0110
2271 3715 3716 1000
3716 3714 3717 1000
3717 2338 3718 1000
3701 5271 3719 0110
3719 2018 3720 0001
3709 2018 3721 1000
3721 3720 3722 1000
3722 5271 3723 0110
3723 2338 3724 0001
3724 3718 3725 1000
3725 5271 3726 0110
3726 2581 3727 0001
13 5271 3728 0110
2581 3728 3729 1000
3729 3727 3730 1000
3730 5271 3731 0110
3731 2646 3732 1000
3722 2338 3733 1000
3717 5271 3734 0110
3734 2338 3735 0001
3735 3733 3736 1000
3736 2646 3737 0001
3737 3732 3738 1000
733 206 3739 0001
729 238 3740 0001
3740 3739 3741 1000
3741 5271 3742 0110
3742 1051 3743 0001
238 5271 3744 0110
733 3744 3745 0001
206 5271 3746 0110
729 3746 3747 0001
3747 3745 3748 1000
3748 991 3749 0001
174 5271 3750 0110
991 3750 3751 1000
3751 3749 3752 1000
3752 1051 3753 1000
3753 3743 3754 1000
3754 5271 3755 0110
3755 1373 3756 0001
3741 1051 3757 1000
3752 5271 3758 0110
3758 1051 3759 0001
3759 3757 3760 1000
3760 5271 3761 0110
3761 1323 3762 0001
1312 142 3763 0001
3763 3762 3764 1000
3764 1373 3765 1000
3765 3756 3766 1000
3766 1695 3767 1000
3754 1373 3768 1000
3764 5271 3769 0110
3769 1373 3770 0001
3770 3768 3771 1000
3771 5271 3772 0110
3772 1629 3773 0001
110 5271 3774 0110
1629 3774 3775 1000
3775 3773 3776 1000
3776 5271 3777 0110
3777 1695 3778 0001
3778 3767 3779 1000
3779 2018 3780 1000
1950 78 3781 0001
3766 1695 3782 0001
3777 1695 3783 1000
3783 3782 3784 1000
3784 5271 3785 0110
3785 1950 3786 1000
3786 3781 3787 1000
3787 5271 3788 0110
3788 2018 3789 0001
3789 3780 3790 1000
3790 5271 3791 0110
3791 2271 3792 0001
46 5271 3793 0110
2271 3793 3794 1000
3794 3792 3795 1000
3795 2338 3796 1000
3779 5271 3797 0110
3797 2018 3798 0001
3787 2018 3799 1000
3799 3798 3800 1000
3800 5271 3801 0110
3801 2338 3802 0001
3802 3796 3803 1000
3803 5271 3804 0110
3804 2581 3805 0001
14 5271 3806 0110
2581 3806 3807 1000
3807 3805 3808 1000
3808 5271 3809 0110
3809 2646 3810 1000
3800 2338 3811 1000
3795 5271 3812 0110
3812 2338 3813 0001
3813 3811 3814 1000
3814 2646 3815 0001
3815 3810 3816 1000
733 207 3817 0001
729 239 3818 0001
3818 3817 3819 1000
3819 5271 3820 0110
3820 1051 3821 0001
239 5271 3822 0110
733 3822 3823 0001
207 5271 3824 0110
729 3824 3825 0001
3825 3823 3826 1000
3826 991 3827 0001
175 5271 3828 0110
991 3828 3829 1000
3829 3827 3830 1000
3830 1051 3831 1000
3831 3821 3832 1000
3832 5271 3833 0110
3833 1373 3834 0001
3819 1051 3835 1000
3830 5271 3836 0110
3836 1051 3837 0001
3837 3835 3838 1000
3838 5271 3839 0110
3839 1323 3840 0001
1312 143 3841 0001
3841 3840 3842 1000
3842 1373 3843 1000
3843 3834 3844 1000
3844 1695 3845 1000
3832 1373 3846 1000
3842 5271 3847 0110
3847 1373 3848 0001
3848 3846 3849 1000
3849 5271 3850 0110
3850 1629 3851 0001
111 5271 3852 0110
1629 3852 3853 1000
3853 3851 3854 1000
3854 5271 3855 0110
3855 1695 3856 0001
3856 3845 3857 1000
3857 2018 3858 1000
1950 79 3859 0001
3844 1695 3860 0001
3855 1695 3861 1000
3861 3860 3862 1000
3862 5271 3863 0110
3863 1950 3864 1000
3864 3859 3865 1000
3865 5271 3866 0110
3866 2018 3867 0001
3867 3858 3868 1000
3868 5271 3869 0110
3869 2271 3870 0001
47 5271 3871 0110
2271 3871 3872 1000
3872 3870 3873 1000
3873 2338 3874 1000
3857 5271 3875 0110
3875 2018 3876 0001
3865 2018 3877 1000
3877 3876 3878 1000
3878 5271 3879 0110
3879 2338 3880 0001
3880 3874 3881 1000
3881 5271 3882 0110
3882 2581 3883 0001
15 5271 3884 0110
2581 3884 3885 1000
3885 3883 3886 1000
3886 5271 3887 0110
3887 2646 3888 1000
3878 2338 3889 1000
3873 5271 3890 0110
3890 2338 3891 0001
3891 3889 3892 1000
3892 2646 3893 0001
3893 3888 3894 1000
733 208 3895 0001
729 240 3896 0001
3896 3895 3897 1000
3897 5271 3898 0110
3898 1051 3899 0001
240 5271 3900 0110
733 3900 3901 0001
208 5271 3902 0110
729 3902 3903 0001
3903 3901 3904 1000
3904 991 3905 0001
176 5271 3906 0110
991 3906 3907 1000
3907 3905 3908 1000
3908 1051 3909 1000
3909 3899 3910 1000
3910 5271 3911 0110
3911 1373 3912 0001
3897 1051 3913 1000
3908 5271 3914 0110
3914 1051 3915 0001
3915 3913 3916 1000
3916 5271 3917 0110
3917 1323 3918 0001
1312 144 3919 0001
3919 3918 3920 1000
3920 1373 3921 1000
3921 3912 3922 1000
3922 1695 3923 1000
112 5271 3924 0110
1629 3924 3925 1000
3910 1373 3926 1000
3920 5271 3927 0110
3927 1373 3928 0001
3928 3926 3929 1000
3929 5271 3930 0110
3930 1629 3931 0001
3931 3925 3932 1000
3932 5271 3933 0110
3933 1695 3934 0001
3934 3923 3935 1000
3935 2018 3936 1000
3922 1695 3937 0001
3933 1695 3938 1000
3938 3937 3939 1000
3939 5271 3940 0110
3940 1950 3941 1000
1950 80 3942 0001
3942 3941 3943 1000
3943 5271 3944 0110
3944 2018 3945 0001
3945 3936 3946 1000
3946 5271 3947 0110
3947 2271 3948 0001
48 5271 3949 0110
2271 3949 3950 1000
3950 3948 3951 1000
3951 2338 3952 1000
3935 5271 3953 0110
3953 2018 3954 0001
3943 2018 3955 1000
3955 3954 3956 1000
3956 5271 3957 0110
3957 2338 3958 0001
3958 3952 3959 1000
3959 5271 3960 0110
3960 2581 3961 0001
16 5271 3962 0110
2581 3962 3963 1000
3963 3961 3964 1000
3964 5271 3965 0110
3965 2646 3966 1000
3956 2338 3967 1000
3951 5271 3968 0110
3968 2338 3969 0001
3969 3967 3970 1000
3970 2646 3971 0001
3971 3966 3972 1000
733 209 3973 0001
729 241 3974 0001
3974 3973 3975 1000
3975 5271 3976 0110
3976 1051 3977 0001
241 5271 3978 0110
733 3978 3979 0001
209 5271 3980 0110
729 3980 3981 0001
3981 3979 3982 1000
3982 991 3983 0001
177 5271 3984 0110
991 3984 3985 1000
3985 3983 3986 1000
3986 1051 3987 1000
3987 3977 3988 1000
3988 5271 3989 0110
3989 1373 3990 0001
3975 1051 3991 1000
3986 5271 3992 0110
3992 1051 3993 0001
3993 3991 3994 1000
3994 5271 3995 0110
3995 1323 3996 0001
1312 145 3997 0001
3997 3996 3998 1000
3998 1373 3999 1000
3999 3990 4000 1000
4000 1695 4001 1000
3988 1373 4002 1000
3998 5271 4003 0110
4003 1373 4004 0001
4004 4002 4005 1000
4005 5271 4006 0110
4006 1629 4007 0001
113 5271 4008 0110
1629 4008 4009 1000
4009 4007 4010 1000
4010 5271 4011 0110
4011 1695 4012 0001
4012 4001 4013 1000
4013 2018 4014 1000
4000 1695 4015 0001
4011 1695 4016 1000
4016 4015 4017 1000
4017 5271 4018 0110
4018 1950 4019 1000
1950 81 4020 0001
4020 4019 4021 1000
4021 5271 4022 0110
4022 2018 4023 0001
4023 4014 4024 1000
4024 5271 4025 0110
4025 2271 4026 0001
49 5271 4027 0110
2271 4027 4028 1000
4028 4026 4029 1000
4029 2338 4030 1000
4013 5271 4031 0110
4031 2018 4032 0001
4021 2018 4033 1000
4033 4032 4034 1000
4034 5271 4035 0110
4035 2338 4036 0001
4036 4030 4037 1000
4037 5271 4038 0110
4038 2581 4039 0001
17 5271 4040 0110
2581 4040 4041 1000
4041 4039 4042 1000
4042 5271 4043 0110
4043 2646 4044 1000
4034 2338 4045 1000
4029 5271 4046 0110
4046 2338 4047 0001
4047 4045 4048 1000
4048 2646 4049 0001
4049 4044 4050 1000
733 210 4051 0001
729 242 4052 0001
4052 4051 4053 1000
4053 5271 4054 0110
4054 1051 4055 0001
242 5271 4056 0110
733 4056 4057 0001
210 5271 4058 0110
729 4058 4059 0001
4059 4057 4060 1000
4060 991 4061 0001
178 5271 4062 0110
991 4062 4063 1000
4063 4061 4064 1000
4064 1051 4065 1000
4065 4055 4066 1000
4066 5271 4067 0110
4067 1373 4068 0001
4053 1051 4069 1000
4064 5271 4070 0110
4070 1051 4071 0001
4071 4069 4072 1000
4072 5271 4073 0110
4073 1323 4074 0001
1312 146 4075 0001
4075 4074 4076 1000
4076 1373 4077 1000
4077 4068 4078 1000
4078 1695 4079 1000
4066 1373 4080 1000
4076 5271 4081 0110
4081 1373 4082 0001
4082 4080 4083 1000
4083 5271 4084 0110
4084 1629 4085 0001
114 5271 4086 0110
1629 4086 4087 1000
4087 4085 4088 1000
4088 5271 4089 0110
4089 1695 4090 0001
4090 4079 4091 1000
4091 2018 4092 1000
4078 1695 4093 0001
4089 1695 4094 1000
4094 4093 4095 1000
4095 5271 4096 0110
4096 1950 4097 1000
1950 82 4098 0001
4098 4097 4099 1000
4099 5271 4100 0110
4100 2018 4101 0001
4101 4092 4102 1000
4102 5271 4103 0110
4103 2271 4104 0001
50 5271 4105 0110
2271 4105 4106 1000
4106 4104 4107 1000
4107 2338 4108 1000
4091 5271 4109 0110
4109 2018 4110 0001
4099 2018 4111 1000
4111 4110 4112 1000
4112 5271 4113 0110
4113 2338 4114 0001
4114 4108 4115 1000
4115 5271 4116 0110
4116 2581 4117 0001
18 5271 4118 0110
2581 4118 4119 1000
4119 4117 4120 1000
4120 5271 4121 0110
4121 2646 4122 1000
4112 2338 4123 1000
4107 5271 4124 0110
4124 2338 4125 0001
4125 4123 4126 1000
4126 2646 4127 0001
4127 4122 4128 1000
733 211 4129 0001
729 243 4130 0001
4130 4129 4131 1000
4131 5271 4132 0110
4132 1051 4133 0001
243 5271 4134 0110
733 4134 4135 0001
211 5271 4136 0110
729 4136 4137 0001
4137 4135 4138 1000
4138 991 4139 0001
179 5271 4140 0110
991 4140 4141 1000
4141 4139 4142 1000
4142 1051 4143 1000
4143 4133 4144 1000
4144 5271 4145 0110
4145 1373 4146 0001
4131 1051 4147 1000
4142 5271 4148 0110
4148 1051 4149 0001
4149 4147 4150 1000
4150 5271 4151 0110
4151 1323 4152 0001
1312 147 4153 0001
4153 4152 4154 1000
4154 1373 4155 1000
4155 4146 4156 1000
4156 1695 4157 1000
4144 1373 4158 1000
4154 5271 4159 0110
4159 1373 4160 0001
4160 4158 4161 1000
4161 5271 4162 0110
4162 1629 4163 0001
115 5271 4164 0110
1629 4164 4165 1000
4165 4163 4166 1000
4166 5271 4167 0110
4167 1695 4168 0001
4168 4157 4169 1000
4169 2018 4170 1000
4156 1695 4171 0001
4167 1695 4172 1000
4172 4171 4173 1000
4173 5271 4174 0110
4174 1950 4175 1000
1950 83 4176 0001
4176 4175 4177 1000
4177 5271 4178 0110
4178 2018 4179 0001
4179 4170 4180 1000
4180 5271 4181 0110
4181 2271 4182 0001
51 5271 4183 0110
2271 4183 4184 1000
4184 4182 4185 1000
4185 2338 4186 1000
4169 5271 4187 0110
4187 2018 4188 0001
4177 2018 4189 1000
4189 4188 4190 1000
4190 5271 4191 0110
4191 2338 4192 0001
4192 4186 4193 1000
4193 5271 4194 0110
4194 2581 4195 0001
19 5271 4196 0110
2581 4196 4197 1000
4197 4195 4198 1000
4198 5271 4199 0110
4199 2646 4200 1000
4190 2338 4201 1000
4185 5271 4202 0110
4202 2338 4203 0001
4203 4201 4204 1000
4204 2646 4205 0001
4205 4200 4206 1000
733 212 4207 0001
729 244 4208 0001
4208 4207 4209 1000
4209 5271 4210 0110
4210 1051 4211 0001
244 5271 4212 0110
733 4212 4213 0001
212 5271 4214 0110
729 4214 4215 0001
4215 4213 4216 1000
4216 991 4217 0001
180 5271 4218 0110
991 4218 4219 1000
4219 4217 4220 1000
4220 1051 4221 1000
4221 4211 4222 1000
4222 5271 4223 0110
4223 1373 4224 0001
4209 1051 4225 1000
4220 5271 4226 0110
4226 1051 4227 0001
4227 4225 4228 1000
4228 5271 4229 0110
4229 1323 4230 0001
1312 148 4231 0001
4231 4230 4232 1000
4232 1373 4233 1000
4233 4224 4234 1000
4234 1695 4235 1000
4222 1373 4236 1000
4232 5271 4237 0110
4237 1373 4238 0001
4238 4236 4239 1000
4239 5271 4240 0110
4240 1629 4241 0001
116 5271 4242 0110
1629 4242 4243 1000
4243 4241 4244 1000
4244 5271 4245 0110
4245 1695 4246 0001
4246 4235 4247 1000
4247 2018 4248 1000
1950 84 4249 0001
4234 1695 4250 0001
4245 1695 4251 1000
4251 4250 4252 1000
4252 5271 4253 0110
4253 1950 4254 1000
4254 4249 4255 1000
4255 5271 4256 0110
4256 2018 4257 0001
4257 4248 4258 1000
4258 5271 4259 0110
4259 2271 4260 0001
52 5271 4261 0110
2271 4261 4262 1000
4262 4260 4263 1000
4263 2338 4264 1000
4247 5271 4265 0110
4265 2018 4266 0001
4255 2018 4267 1000
4267 4266 4268 1000
4268 5271 4269 0110
4269 2338 4270 0001
4270 4264 4271 1000
4271 5271 4272 0110
4272 2581 4273 0001
20 5271 4274 0110
2581 4274 4275 1000
4275 4273 4276 1000
4276 5271 4277 0110
4277 2646 4278 1000
4268 2338 4279 1000
4263 5271 4280 0110
4280 2338 4281 0001
4281 4279 4282 1000
4282 2646 4283 0001
4283 4278 4284 1000
733 213 4285 0001
729 245 4286 0001
4286 4285 4287 1000
4287 5271 4288 0110
4288 1051 4289 0001
245 5271 4290 0110
733 4290 4291 0001
213 5271 4292 0110
729 4292 4293 0001
4293 4291 4294 1000
4294 991 4295 0001
181 5271 4296 0110
991 4296 4297 1000
4297 4295 4298 1000
4298 1051 4299 1000
4299 4289 4300 1000
4300 5271 4301 0110
4301 1373 4302 0001
4287 1051 4303 1000
4298 5271 4304 0110
4304 1051 4305 0001
4305 4303 4306 1000
4306 5271 4307 0110
4307 1323 4308 0001
1312 149 4309 0001
4309 4308 4310 1000
4310 1373 4311 1000
4311 4302 4312 1000
4312 1695 4313 1000
4300 1373 4314 1000
4310 5271 4315 0110
4315 1373 4316 0001
4316 4314 4317 1000
4317 5271 4318 0110
4318 1629 4319 0001
117 5271 4320 0110
1629 4320 4321 1000
4321 4319 4322 1000
4322 5271 4323 0110
4323 1695 4324 0001
4324 4313 4325 1000
4325 2018 4326 1000
1950 85 4327 0001
4312 1695 4328 0001
4323 1695 4329 1000
4329 4328 4330 1000
4330 5271 4331 0110
4331 1950 4332 1000
4332 4327 4333 1000
4333 5271 4334 0110
4334 2018 4335 0001
4335 4326 4336 1000
4336 5271 4337 0110
4337 2271 4338 0001
53 5271 4339 0110
2271 4339 4340 1000
4340 4338 4341 1000
4341 2338 4342 1000
4325 5271 4343 0110
4343 2018 4344 0001
4333 2018 4345 1000
4345 4344 4346 1000
4346 5271 4347 0110
4347 2338 4348 0001
4348 4342 4349 1000
4349 5271 4350 0110
4350 2581 4351 0001
21 5271 4352 0110
2581 4352 4353 1000
4353 4351 4354 1000
4354 5271 4355 0110
4355 2646 4356 1000
4346 2338 4357 1000
4341 5271 4358 0110
4358 2338 4359 0001
4359 4357 4360 1000
4360 2646 4361 0001
4361 4356 4362 1000
733 214 4363 0001
729 246 4364 0001
4364 4363 4365 1000
4365 5271 4366 0110
4366 1051 4367 0001
246 5271 4368 0110
733 4368 4369 0001
214 5271 4370 0110
729 4370 4371 0001
4371 4369 4372 1000
4372 991 4373 0001
182 5271 4374 0110
991 4374 4375 1000
4375 4373 4376 1000
4376 1051 4377 1000
4377 4367 4378 1000
4378 5271 4379 0110
4379 1373 4380 0001
4365 1051 4381 1000
4376 5271 4382 0110
4382 1051 4383 0001
4383 4381 4384 1000
4384 5271 4385 0110
4385 1323 4386 0001
1312 150 4387 0001
4387 4386 4388 1000
4388 1373 4389 1000
4389 4380 4390 1000
4390 1695 4391 1000
4378 1373 4392 1000
4388 5271 4393 0110
4393 1373 4394 0001
4394 4392 4395 1000
4395 5271 4396 0110
4396 1629 4397 0001
118 5271 4398 0110
1629 4398 4399 1000
4399 4397 4400 1000
4400 5271 4401 0110
4401 1695 4402 0001
4402 4391 4403 1000
4403 2018 4404 1000
1950 86 4405 0001
4390 1695 4406 0001
4401 1695 4407 1000
4407 4406 4408 1000
4408 5271 4409 0110
4409 1950 4410 1000
4410 4405 4411 1000
4411 5271 4412 0110
4412 2018 4413 0001
4413 4404 4414 1000
4414 5271 4415 0110
4415 2271 4416 0001
54 5271 4417 0110
2271 4417 4418 1000
4418 4416 4419 1000
4419 2338 4420 1000
4403 5271 4421 0110
4421 2018 4422 0001
4411 2018 4423 1000
4423 4422 4424 1000
4424 5271 4425 0110
4425 2338 4426 0001
4426 4420 4427 1000
4427 5271 4428 0110
4428 2581 4429 0001
22 5271 4430 0110
2581 4430 4431 1000
4431 4429 4432 1000
4432 5271 4433 0110
4433 2646 4434 1000
4424 2338 4435 1000
4419 5271 4436 0110
4436 2338 4437 0001
4437 4435 4438 1000
4438 2646 4439 0001
4439 4434 4440 1000
733 215 4441 0001
729 247 4442 0001
4442 4441 4443 1000
4443 5271 4444 0110
4444 1051 4445 0001
247 5271 4446 0110
733 4446 4447 0001
215 5271 4448 0110
729 4448 4449 0001
4449 4447 4450 1000
4450 991 4451 0001
183 5271 4452 0110
991 4452 4453 1000
4453 4451 4454 1000
4454 1051 4455 1000
4455 4445 4456 1000
4456 5271 4457 0110
4457 1373 4458 0001
4443 1051 4459 1000
4454 5271 4460 0110
4460 1051 4461 0001
4461 4459 4462 1000
4462 5271 4463 0110
4463 1323 4464 0001
1312 151 4465 0001
4465 4464 4466 1000
4466 1373 4467 1000
4467 4458 4468 1000
4468 1695 4469 1000
4456 1373 4470 1000
4466 5271 4471 0110
4471 1373 4472 0001
4472 4470 4473 1000
4473 5271 4474 0110
4474 1629 4475 0001
119 5271 4476 0110
1629 4476 4477 1000
4477 4475 4478 1000
4478 5271 4479 0110
4479 1695 4480 0001
4480 4469 4481 1000
4481 2018 4482 1000
4468 1695 4483 0001
4479 1695 4484 1000
4484 4483 4485 1000
4485 5271 4486 0110
4486 1950 4487 1000
1950 87 4488 0001
4488 4487 4489 1000
4489 5271 4490 0110
4490 2018 4491 0001
4491 4482 4492 1000
4492 5271 4493 0110
4493 2271 4494 0001
55 5271 4495 0110
2271 4495 4496 1000
4496 4494 4497 1000
4497 2338 4498 1000
4481 5271 4499 0110
4499 2018 4500 0001
4489 2018 4501 1000
4501 4500 4502 1000
4502 5271 4503 0110
4503 2338 4504 0001
4504 4498 4505 1000
4505 5271 4506 0110
4506 2581 4507 0001
23 5271 4508 0110
2581 4508 4509 1000
4509 4507 4510 1000
4510 5271 4511 0110
4511 2646 4512 1000
4502 2338 4513 1000
4497 5271 4514 0110
4514 2338 4515 0001
4515 4513 4516 1000
4516 2646 4517 0001
4517 4512 4518 1000
733 216 4519 0001
729 248 4520 0001
4520 4519 4521 1000
4521 5271 4522 0110
4522 1051 4523 0001
248 5271 4524 0110
733 4524 4525 0001
216 5271 4526 0110
729 4526 4527 0001
4527 4525 4528 1000
4528 991 4529 0001
184 5271 4530 0110
991 4530 4531 1000
4531 4529 4532 1000
4532 1051 4533 1000
4533 4523 4534 1000
4534 5271 4535 0110
4535 1373 4536 0001
4521 1051 4537 1000
4532 5271 4538 0110
4538 1051 4539 0001
4539 4537 4540 1000
4540 5271 4541 0110
4541 1323 4542 0001
1312 152 4543 0001
4543 4542 4544 1000
4544 1373 4545 1000
4545 4536 4546 1000
4546 1695 4547 1000
4534 1373 4548 1000
4544 5271 4549 0110
4549 1373 4550 0001
4550 4548 4551 1000
4551 5271 4552 0110
4552 1629 4553 0001
120 5271 4554 0110
1629 4554 4555 1000
4555 4553 4556 1000
4556 5271 4557 0110
4557 1695 4558 0001
4558 4547 4559 1000
4559 2018 4560 1000
1950 88 4561 0001
4546 1695 4562 0001
4557 1695 4563 1000
4563 4562 4564 1000
4564 5271 4565 0110
4565 1950 4566 1000
4566 4561 4567 1000
4567 5271 4568 0110
4568 2018 4569 0001
4569 4560 4570 1000
4570 5271 4571 0110
4571 2271 4572 0001
56 5271 4573 0110
2271 4573 4574 1000
4574 4572 4575 1000
4575 2338 4576 1000
4559 5271 4577 0110
4577 2018 4578 0001
4567 2018 4579 1000
4579 4578 4580 1000
4580 5271 4581 0110
4581 2338 4582 0001
4582 4576 4583 1000
4583 5271 4584 0110
4584 2581 4585 0001
24 5271 4586 0110
2581 4586 4587 1000
4587 4585 4588 1000
4588 5271 4589 0110
4589 2646 4590 1000
4580 2338 4591 1000
4575 5271 4592 0110
4592 2338 4593 0001
4593 4591 4594 1000
4594 2646 4595 0001
4595 4590 4596 1000
733 217 4597 0001
729 249 4598 0001
4598 4597 4599 1000
4599 5271 4600 0110
4600 1051 4601 0001
249 5271 4602 0110
733 4602 4603 0001
217 5271 4604 0110
729 4604 4605 0001
4605 4603 4606 1000
4606 991 4607 0001
185 5271 4608 0110
991 4608 4609 1000
4609 4607 4610 1000
4610 1051 4611 1000
4611 4601 4612 1000
4612 5271 4613 0110
4613 1373 4614 0001
4599 1051 4615 1000
4610 5271 4616 0110
4616 1051 4617 0001
4617 4615 4618 1000
4618 5271 4619 0110
4619 1323 4620 0001
1312 153 4621 0001
4621 4620 4622 1000
4622 1373 4623 1000
4623 4614 4624 1000
4624 1695 4625 1000
121 5271 4626 0110
1629 4626 4627 1000
4612 1373 4628 1000
4622 5271 4629 0110
4629 1373 4630 0001
4630 4628 4631 1000
4631 5271 4632 0110
4632 1629 4633 0001
4633 4627 4634 1000
4634 5271 4635 0110
4635 1695 4636 0001
4636 4625 4637 1000
4637 2018 4638 1000
1950 89 4639 0001
4624 1695 4640 0001
4635 1695 4641 1000
4641 4640 4642 1000
4642 5271 4643 0110
4643 1950 4644 1000
4644 4639 4645 1000
4645 5271 4646 0110
4646 2018 4647 0001
4647 4638 4648 1000
4648 5271 4649 0110
4649 2271 4650 0001
57 5271 4651 0110
2271 4651 4652 1000
4652 4650 4653 1000
4653 2338 4654 1000
4637 5271 4655 0110
4655 2018 4656 0001
4645 2018 4657 1000
4657 4656 4658 1000
4658 5271 4659 0110
4659 2338 4660 0001
4660 4654 4661 1000
4661 5271 4662 0110
4662 2581 4663 0001
25 5271 4664 0110
2581 4664 4665 1000
4665 4663 4666 1000
4666 5271 4667 0110
4667 2646 4668 1000
4658 2338 4669 1000
4653 5271 4670 0110
4670 2338 4671 0001
4671 4669 4672 1000
4672 2646 4673 0001
4673 4668 4674 1000
733 218 4675 0001
729 250 4676 0001
4676 4675 4677 1000
4677 5271 4678 0110
4678 1051 4679 0001
250 5271 4680 0110
733 4680 4681 0001
218 5271 4682 0110
729 4682 4683 0001
4683 4681 4684 1000
4684 991 4685 0001
186 5271 4686 0110
991 4686 4687 1000
4687 4685 4688 1000
4688 1051 4689 1000
4689 4679 4690 1000
4690 5271 4691 0110
4691 1373 4692 0001
4677 1051 4693 1000
4688 5271 4694 0110
4694 1051 4695 0001
4695 4693 4696 1000
4696 5271 4697 0110
4697 1323 4698 0001
1312 154 4699 0001
4699 4698 4700 1000
4700 1373 4701 1000
4701 4692 4702 1000
4702 1695 4703 1000
4690 1373 4704 1000
4700 5271 4705 0110
4705 1373 4706 0001
4706 4704 4707 1000
4707 5271 4708 0110
4708 1629 4709 0001
122 5271 4710 0110
1629 4710 4711 1000
4711 4709 4712 1000
4712 5271 4713 0110
4713 1695 4714 0001
4714 4703 4715 1000
4715 2018 4716 1000
4702 1695 4717 0001
4713 1695 4718 1000
4718 4717 4719 1000
4719 5271 4720 0110
4720 1950 4721 1000
1950 90 4722 0001
4722 4721 4723 1000
4723 5271 4724 0110
4724 2018 4725 0001
4725 4716 4726 1000
4726 5271 4727 0110
4727 2271 4728 0001
58 5271 4729 0110
2271 4729 4730 1000
4730 4728 4731 1000
4731 2338 4732 1000
4715 5271 4733 0110
4733 2018 4734 0001
4723 2018 4735 1000
4735 4734 4736 1000
4736 5271 4737 0110
4737 2338 4738 0001
4738 4732 4739 1000
4739 5271 4740 0110
4740 2581 4741 0001
26 5271 4742 0110
2581 4742 4743 1000
4743 4741 4744 1000
4744 5271 4745 0110
4745 2646 4746 1000
4736 2338 4747 1000
4731 5271 4748 0110
4748 2338 4749 0001
4749 4747 4750 1000
4750 2646 4751 0001
4751 4746 4752 1000
733 219 4753 0001
729 251 4754 0001
4754 4753 4755 1000
4755 5271 4756 0110
4756 1051 4757 0001
251 5271 4758 0110
733 4758 4759 0001
219 5271 4760 0110
729 4760 4761 0001
4761 4759 4762 1000
4762 991 4763 0001
187 5271 4764 0110
991 4764 4765 1000
4765 4763 4766 1000
4766 1051 4767 1000
4767 4757 4768 1000
4768 5271 4769 0110
4769 1373 4770 0001
4755 1051 4771 1000
4766 5271 4772 0110
4772 1051 4773 0001
4773 4771 4774 1000
4774 5271 4775 0110
4775 1323 4776 0001
1312 155 4777 0001
4777 4776 4778 1000
4778 1373 4779 1000
4779 4770 4780 1000
4780 1695 4781 1000
123 5271 4782 0110
1629 4782 4783 1000
4768 1373 4784 1000
4778 5271 4785 0110
4785 1373 4786 0001
4786 4784 4787 1000
4787 5271 4788 0110
4788 1629 4789 0001
4789 4783 4790 1000
4790 5271 4791 0110
4791 1695 4792 0001
4792 4781 4793 1000
4793 2018 4794 1000
1950 91 4795 0001
4780 1695 4796 0001
4791 1695 4797 1000
4797 4796 4798 1000
4798 5271 4799 0110
4799 1950 4800 1000
4800 4795 4801 1000
4801 5271 4802 0110
4802 2018 4803 0001
4803 4794 4804 1000
4804 5271 4805 0110
4805 2271 4806 0001
59 5271 4807 0110
2271 4807 4808 1000
4808 4806 4809 1000
4809 2338 4810 1000
4793 5271 4811 0110
4811 2018 4812 0001
4801 2018 4813 1000
4813 4812 4814 1000
4814 5271 4815 0110
4815 2338 4816 0001
4816 4810 4817 1000
4817 5271 4818 0110
4818 2581 4819 0001
27 5271 4820 0110
2581 4820 4821 1000
4821 4819 4822 1000
4822 5271 4823 0110
4823 2646 4824 1000
4814 2338 4825 1000
4809 5271 4826 0110
4826 2338 4827 0001
4827 4825 4828 1000
4828 2646 4829 0001
4829 4824 4830 1000
733 220 4831 0001
729 252 4832 0001
4832 4831 4833 1000
4833 5271 4834 0110
4834 1051 4835 0001
252 5271 4836 0110
733 4836 4837 0001
220 5271 4838 0110
729 4838 4839 0001
4839 4837 4840 1000
4840 991 4841 0001
188 5271 4842 0110
991 4842 4843 1000
4843 4841 4844 1000
4844 1051 4845 1000
4845 4835 4846 1000
4846 5271 4847 0110
4847 1373 4848 0001
4833 1051 4849 1000
4844 5271 4850 0110
4850 1051 4851 0001
4851 4849 4852 1000
4852 5271 4853 0110
4853 1323 4854 0001
1312 156 4855 0001
4855 4854 4856 1000
4856 1373 4857 1000
4857 4848 4858 1000
4858 1695 4859 1000
4846 1373 4860 1000
4856 5271 4861 0110
4861 1373 4862 0001
4862 4860 4863 1000
4863 5271 4864 0110
4864 1629 4865 0001
124 5271 4866 0110
1629 4866 4867 1000
4867 4865 4868 1000
4868 5271 4869 0110
4869 1695 4870 0001
4870 4859 4871 1000
4871 2018 4872 1000
1950 92 4873 0001
4858 1695 4874 0001
4869 1695 4875 1000
4875 4874 4876 1000
4876 5271 4877 0110
4877 1950 4878 1000
4878 4873 4879 1000
4879 5271 4880 0110
4880 2018 4881 0001
4881 4872 4882 1000
4882 5271 4883 0110
4883 2271 4884 0001
60 5271 4885 0110
2271 4885 4886 1000
4886 4884 4887 1000
4887 2338 4888 1000
4871 5271 4889 0110
4889 2018 4890 0001
4879 2018 4891 1000
4891 4890 4892 1000
4892 5271 4893 0110
4893 2338 4894 0001
4894 4888 4895 1000
4895 5271 4896 0110
4896 2581 4897 0001
28 5271 4898 0110
2581 4898 4899 1000
4899 4897 4900 1000
4900 5271 4901 0110
4901 2646 4902 1000
4892 2338 4903 1000
4887 5271 4904 0110
4904 2338 4905 0001
4905 4903 4906 1000
4906 2646 4907 0001
4907 4902 4908 1000
733 221 4909 0001
729 253 4910 0001
4910 4909 4911 1000
4911 5271 4912 0110
4912 1051 4913 0001
253 5271 4914 0110
733 4914 4915 0001
221 5271 4916 0110
729 4916 4917 0001
4917 4915 4918 1000
4918 991 4919 0001
189 5271 4920 0110
991 4920 4921 1000
4921 4919 4922 1000
4922 1051 4923 1000
4923 4913 4924 1000
4924 5271 4925 0110
4925 1373 4926 0001
4911 1051 4927 1000
4922 5271 4928 0110
4928 1051 4929 0001
4929 4927 4930 1000
4930 5271 4931 0110
4931 1323 4932 0001
1312 157 4933 0001
4933 4932 4934 1000
4934 1373 4935 1000
4935 4926 4936 1000
4936 1695 4937 1000
125 5271 4938 0110
1629 4938 4939 1000
4924 1373 4940 1000
4934 5271 4941 0110
4941 1373 4942 0001
4942 4940 4943 1000
4943 5271 4944 0110
4944 1629 4945 0001
4945 4939 4946 1000
4946 5271 4947 0110
4947 1695 4948 0001
4948 4937 4949 1000
4949 2018 4950 1000
1950 93 4951 0001
4936 1695 4952 0001
4947 1695 4953 1000
4953 4952 4954 1000
4954 5271 4955 0110
4955 1950 4956 1000
4956 4951 4957 1000
4957 5271 4958 0110
4958 2018 4959 0001
4959 4950 4960 1000
4960 5271 4961 0110
4961 2271 4962 0001
61 5271 4963 0110
2271 4963 4964 1000
4964 4962 4965 1000
4965 2338 4966 1000
4949 5271 4967 0110
4967 2018 4968 0001
4957 2018 4969 1000
4969 4968 4970 1000
4970 5271 4971 0110
4971 2338 4972 0001
4972 4966 4973 1000
4973 5271 4974 0110
4974 2581 4975 0001
29 5271 4976 0110
2581 4976 4977 1000
4977 4975 4978 1000
4978 5271 4979 0110
4979 2646 4980 1000
4970 2338 4981 1000
4965 5271 4982 0110
4982 2338 4983 0001
4983 4981 4984 1000
4984 2646 4985 0001
4985 4980 4986 1000
733 222 4987 0001
729 254 4988 0001
4988 4987 4989 1000
4989 5271 4990 0110
4990 1051 4991 0001
254 5271 4992 0110
733 4992 4993 0001
222 5271 4994 0110
729 4994 4995 0001
4995 4993 4996 1000
4996 991 4997 0001
190 5271 4998 0110
991 4998 4999 1000
4999 4997 5000 1000
5000 1051 5001 1000
5001 4991 5002 1000
5002 5271 5003 0110
5003 1373 5004 0001
4989 1051 5005 1000
5000 5271 5006 0110
5006 1051 5007 0001
5007 5005 5008 1000
5008 5271 5009 0110
5009 1323 5010 0001
1312 158 5011 0001
5011 5010 5012 1000
5012 1373 5013 1000
5013 5004 5014 1000
5014 1695 5015 1000
5002 1373 5016 1000
5012 5271 5017 0110
5017 1373 5018 0001
5018 5016 5019 1000
5019 5271 5020 0110
5020 1629 5021 0001
126 5271 5022 0110
1629 5022 5023 1000
5023 5021 5024 1000
5024 5271 5025 0110
5025 1695 5026 0001
5026 5015 5027 1000
5027 2018 5028 1000
5014 1695 5029 0001
5025 1695 5030 1000
5030 5029 5031 1000
5031 5271 5032 0110
5032 1950 5033 1000
1950 94 5034 0001
5034 5033 5035 1000
5035 5271 5036 0110
5036 2018 5037 0001
5037 5028 5038 1000
5038 5271 5039 0110
5039 2271 5040 0001
62 5271 5041 0110
2271 5041 5042 1000
5042 5040 5043 1000
5043 2338 5044 1000
5027 5271 5045 0110
5045 2018 5046 0001
5035 2018 5047 1000
5047 5046 5048 1000
5048 5271 5049 0110
5049 2338 5050 0001
5050 5044 5051 1000
5051 5271 5052 0110
5052 2581 5053 0001
30 5271 5054 0110
2581 5054 5055 1000
5055 5053 5056 1000
5056 5271 5057 0110
5057 2646 5058 1000
5048 2338 5059 1000
5043 5271 5060 0110
5060 2338 5061 0001
5061 5059 5062 1000
5062 2646 5063 0001
5063 5058 5064 1000
733 223 5065 0001
729 255 5066 0001
5066 5065 5067 1000
5067 5271 5068 0110
5068 1051 5069 0001
255 5271 5070 0110
733 5070 5071 0001
223 5271 5072 0110
729 5072 5073 0001
5073 5071 5074 1000
5074 991 5075 0001
191 5271 5076 0110
991 5076 5077 1000
5077 5075 5078 1000
5078 1051 5079 1000
5079 5069 5080 1000
5080 5271 5081 0110
5081 1373 5082 0001
5067 1051 5083 1000
5078 5271 5084 0110
5084 1051 5085 0001
5085 5083 5086 1000
5086 5271 5087 0110
5087 1323 5088 0001
1312 159 5089 0001
5089 5088 5090 1000
5090 1373 5091 1000
5091 5082 5092 1000
5092 1695 5093 1000
5080 1373 5094 1000
5090 5271 5095 0110
5095 1373 5096 0001
5096 5094 5097 1000
5097 5271 5098 0110
5098 1629 5099 0001
127 5271 5100 0110
1629 5100 5101 1000
5101 5099 5102 1000
5102 5271 5103 0110
5103 1695 5104 0001
5104 5093 5105 1000
5105 2018 5106 1000
1950 95 5107 0001
5092 1695 5108 0001
5103 1695 5109 1000
5109 5108 5110 1000
5110 5271 5111 0110
5111 1950 5112 1000
5112 5107 5113 1000
5113 5271 5114 0110
5114 2018 5115 0001
5115 5106 5116 1000
5116 5271 5117 0110
5117 2271 5118 0001
63 5271 5119 0110
2271 5119 5120 1000
5120 5118 5121 1000
5121 2338 5122 1000
5105 5271 5123 0110
5123 2018 5124 0001
5113 2018 5125 1000
5125 5124 5126 1000
5126 5271 5127 0110
5127 2338 5128 0001
5128 5122 5129 1000
5129 5271 5130 0110
5130 2581 5131 0001
31 5271 5132 0110
2581 5132 5133 1000
5133 5131 5134 1000
5134 5271 5135 0110
5135 2646 5136 1000
5126 2338 5137 1000
5121 5271 5138 0110
5138 2338 5139 0001
5139 5137 5140 1000
5140 2646 5141 0001
5141 5136 5142 1000
2722 5271 5143 0110
5143 2646 5144 1000
2716 2646 5145 0001
5145 5144 5146 1000
2800 5271 5147 0110
5147 2646 5148 1000
2794 2646 5149 0001
5149 5148 5150 1000
2878 5271 5151 0110
5151 2646 5152 1000
2872 2646 5153 0001
5153 5152 5154 1000
2956 5271 5155 0110
5155 2646 5156 1000
2950 2646 5157 0001
5157 5156 5158 1000
3034 5271 5159 0110
5159 2646 5160 1000
3028 2646 5161 0001
5161 5160 5162 1000
3112 5271 5163 0110
5163 2646 5164 1000
3106 2646 5165 0001
5165 5164 5166 1000
3190 5271 5167 0110
5167 2646 5168 1000
3184 2646 5169 0001
5169 5168 5170 1000
3268 5271 5171 0110
5171 2646 5172 1000
3262 2646 5173 0001
5173 5172 5174 1000
3346 5271 5175 0110
5175 2646 5176 1000
3340 2646 5177 0001
5177 5176 5178 1000
3424 5271 5179 0110
5179 2646 5180 1000
3418 2646 5181 0001
5181 5180 5182 1000
3502 5271 5183 0110
5183 2646 5184 1000
3496 2646 5185 0001
5185 5184 5186 1000
3580 5271 5187 0110
5187 2646 5188 1000
3574 2646 5189 0001
5189 5188 5190 1000
3658 5271 5191 0110
5191 2646 5192 1000
3652 2646 5193 0001
5193 5192 5194 1000
3736 5271 5195 0110
5195 2646 5196 1000
3730 2646 5197 0001
5197 5196 5198 1000
3814 5271 5199 0110
5199 2646 5200 1000
3808 2646 5201 0001
5201 5200 5202 1000
3892 5271 5203 0110
5203 2646 5204 1000
3886 2646 5205 0001
5205 5204 5206 1000
3970 5271 5207 0110
5207 2646 5208 1000
3964 2646 5209 0001
5209 5208 5210 1000
4048 5271 5211 0110
5211 2646 5212 1000
4042 2646 5213 0001
5213 5212 5214 1000
4126 5271 5215 0110
5215 2646 5216 1000
4120 2646 5217 0001
5217 5216 5218 1000
4204 5271 5219 0110
5219 2646 5220 1000
4198 2646 5221 0001
5221 5220 5222 1000
4282 5271 5223 0110
5223 2646 5224 1000
4276 2646 5225 0001
5225 5224 5226 1000
4360 5271 5227 0110
5227 2646 5228 1000
4354 2646 5229 0001
5229 5228 5230 1000
4438 5271 5231 0110
5231 2646 5232 1000
4432 2646 5233 0001
5233 5232 5234 1000
4516 5271 5235 0110
5235 2646 5236 1000
4510 2646 5237 0001
5237 5236 5238 1000
4594 5271 5239 0110
5239 2646 5240 1000
4588 2646 5241 0001
5241 5240 5242 1000
4672 5271 5243 0110
5243 2646 5244 1000
4666 2646 5245 0001
5245 5244 5246 1000
4750 5271 5247 0110
5247 2646 5248 1000
4744 2646 5249 0001
5249 5248 5250 1000
4828 5271 5251 0110
5251 2646 5252 1000
4822 2646 5253 0001
5253 5252 5254 1000
4906 5271 5255 0110
5255 2646 5256 1000
4900 2646 5257 0001
5257 5256 5258 1000
4984 5271 5259 0110
5259 2646 5260 1000
4978 2646 5261 0001
5261 5260 5262 1000
5062 5271 5263 0110
5263 2646 5264 1000
5056 2646 5265 0001
5265 5264 5266 1000
5140 5271 5267 0110
5267 2646 5268 1000
5134 2646 5269 0001
5269 5268 5270 1000
