# first row is comment
2849 8 3137
P0 36
0
1
2
3
4
5
6
7
8
9
10
11
12
13
14
15
16
17
18
19
20
21
22
23
24
25
26
27
28
29
30
31
32
33
34
35
P1 36
36
37
38
39
40
41
42
43
44
45
46
47
48
49
50
51
52
53
54
55
56
57
58
59
60
61
62
63
64
65
66
67
68
69
70
71
P2 36
72
73
74
75
76
77
78
79
80
81
82
83
84
85
86
87
88
89
90
91
92
93
94
95
96
97
98
99
100
101
102
103
104
105
106
107
P3 36
108
109
110
111
112
113
114
115
116
117
118
119
120
121
122
123
124
125
126
127
128
129
130
131
132
133
134
135
136
137
138
139
140
141
142
143
P4 36
144
145
146
147
148
149
150
151
152
153
154
155
156
157
158
159
160
161
162
163
164
165
166
167
168
169
170
171
172
173
174
175
176
177
178
179
P5 36
180
181
182
183
184
185
186
187
188
189
190
191
192
193
194
195
196
197
198
199
200
201
202
203
204
205
206
207
208
209
210
211
212
213
214
215
P6 36
216
217
218
219
220
221
222
223
224
225
226
227
228
229
230
231
232
233
234
235
236
237
238
239
240
241
242
243
244
245
246
247
248
249
250
251
P7 36
252
253
254
255
256
257
258
259
260
261
262
263
264
265
266
267
268
269
270
271
272
273
274
275
276
277
278
279
280
281
282
283
284
285
286
287
Out 32
2267
2295
2323
2351
2379
2407
2435
2463
2491
2519
2547
2575
2603
2631
2659
2687
2715
2743
2771
2799
2827
2855
2883
2911
2939
2967
2995
3023
3051
3079
3107
3135
# list of gates
0 0 3136 1001
45 269 288 1001
288 3136 289 0110
44 268 290 1001
43 267 291 1001
290 291 292 0110
289 292 293 0001
290 291 294 1000
293 294 295 1000
48 272 296 1001
296 3136 297 0110
47 271 298 1001
46 270 299 1001
298 299 300 0110
297 300 301 0001
298 299 302 1000
301 302 303 1000
289 292 304 0110
42 266 305 1001
305 3136 306 0110
297 300 307 0110
306 307 308 0110
304 308 309 0001
306 307 310 0001
309 310 311 1000
303 311 312 0110
295 312 313 0110
38 262 314 1001
314 3136 315 0110
37 261 316 1001
36 260 317 1001
316 317 318 0110
315 318 319 0110
35 259 320 1001
320 3136 321 0110
41 265 322 1001
322 3136 323 0110
40 264 324 1001
39 263 325 1001
324 325 326 0110
323 326 327 0110
321 327 328 0110
319 328 329 0110
34 258 330 1001
330 3136 331 0110
304 308 332 0110
331 332 333 0110
329 333 334 0001
331 332 335 0001
334 335 336 1000
313 336 337 0110
315 318 338 0001
316 317 339 1000
338 339 340 1000
323 326 341 0001
324 325 342 1000
341 342 343 1000
319 328 344 0001
321 327 345 0001
344 345 346 1000
343 346 347 0110
340 347 348 0110
337 348 349 0110
349 3136 350 0110
60 284 351 1001
351 3136 352 0110
59 283 353 1001
58 282 354 1001
353 354 355 0110
352 355 356 0001
353 354 357 1000
356 357 358 1000
63 287 359 1001
359 3136 360 0110
62 286 361 1001
61 285 362 1001
361 362 363 0110
360 363 364 0001
361 362 365 1000
364 365 366 1000
352 355 367 0110
57 281 368 1001
368 3136 369 0110
360 363 370 0110
369 370 371 0110
367 371 372 0001
369 370 373 0001
372 373 374 1000
366 374 375 0110
358 375 376 0110
53 277 377 1001
377 3136 378 0110
52 276 379 1001
51 275 380 1001
379 380 381 0110
378 381 382 0110
50 274 383 1001
383 3136 384 0110
56 280 385 1001
385 3136 386 0110
55 279 387 1001
54 278 388 1001
387 388 389 0110
386 389 390 0110
384 390 391 0110
382 391 392 0110
49 273 393 1001
393 3136 394 0110
367 371 395 0110
394 395 396 0110
392 396 397 0001
394 395 398 0001
397 398 399 1000
376 399 400 0110
378 381 401 0001
379 380 402 1000
401 402 403 1000
403 3136 404 0110
386 389 405 0001
387 388 406 1000
405 406 407 1000
382 391 408 0001
384 390 409 0001
408 409 410 1000
407 410 411 0110
404 411 412 0110
400 412 413 1001
329 333 414 0110
33 257 415 1001
415 3136 416 0110
392 396 417 0110
416 417 418 0110
414 418 419 0001
416 417 420 0001
419 420 421 1000
413 421 422 0110
350 422 423 0001
413 421 424 1000
423 424 425 1000
376 399 426 1000
400 412 427 0001
427 426 428 1000
366 374 429 1000
358 3136 430 0110
430 375 431 0001
431 429 432 1000
432 428 433 0110
407 410 434 1000
404 411 435 0001
435 434 436 1000
436 433 437 0110
437 425 438 0110
303 311 439 1000
295 3136 440 0110
440 312 441 0001
441 439 442 1000
442 3136 443 0110
313 336 444 0001
337 348 445 0001
445 444 446 1000
446 443 447 0110
343 346 448 1000
340 3136 449 0110
449 347 450 0001
450 448 451 1000
451 3136 452 0110
452 447 453 0110
453 438 454 0110
350 422 455 0110
32 256 456 1001
456 3136 457 0110
414 418 458 0110
457 458 459 0001
455 459 460 0001
454 460 461 0001
437 425 462 1000
453 438 463 0001
463 462 464 1000
432 428 465 1000
436 3136 466 0110
466 433 467 0001
467 465 468 1000
468 464 469 0110
446 443 470 0001
452 447 471 0001
471 470 472 1000
472 3136 473 0110
473 469 474 0110
474 461 475 0001
468 464 476 1000
473 469 477 0001
477 476 478 1000
478 3136 479 0110
479 475 480 0001
93 285 481 1001
94 286 482 1001
482 481 483 0110
95 287 484 1001
484 3136 485 0110
485 483 486 0110
89 281 487 1001
487 3136 488 0110
488 486 489 0110
90 282 490 1001
91 283 491 1001
491 490 492 0110
92 284 493 1001
493 3136 494 0110
494 492 495 0110
495 489 496 0110
81 273 497 1001
497 3136 498 0110
498 496 499 0110
86 278 500 1001
87 279 501 1001
501 500 502 0110
88 280 503 1001
503 3136 504 0110
504 502 505 0110
82 274 506 1001
506 3136 507 0110
507 505 508 0110
83 275 509 1001
84 276 510 1001
510 509 511 0110
85 277 512 1001
512 3136 513 0110
513 511 514 0110
514 508 515 0110
515 499 516 0110
65 257 517 1001
517 3136 518 0110
518 516 519 0001
518 516 520 0110
78 270 521 1001
79 271 522 1001
522 521 523 0110
80 272 524 1001
524 3136 525 0110
525 523 526 0110
74 266 527 1001
527 3136 528 0110
528 526 529 0110
75 267 530 1001
76 268 531 1001
531 530 532 0110
77 269 533 1001
533 3136 534 0110
534 532 535 0110
535 529 536 0110
66 258 537 1001
537 3136 538 0110
538 536 539 0110
71 263 540 1001
72 264 541 1001
541 540 542 0110
73 265 543 1001
543 3136 544 0110
544 542 545 0110
67 259 546 1001
546 3136 547 0110
547 545 548 0110
68 260 549 1001
69 261 550 1001
550 549 551 0110
70 262 552 1001
552 3136 553 0110
553 551 554 0110
554 548 555 0110
555 539 556 0110
556 520 557 0001
557 519 558 1000
507 505 559 0001
514 508 560 0001
560 559 561 1000
501 500 562 1000
504 502 563 0001
563 562 564 1000
564 561 565 0110
510 509 566 1000
513 511 567 0001
567 566 568 1000
568 3136 569 0110
569 565 570 0110
498 496 571 0001
515 499 572 0001
572 571 573 1000
488 486 574 0001
495 489 575 0001
575 574 576 1000
482 481 577 1000
485 483 578 0001
578 577 579 1000
579 576 580 0110
491 490 581 1000
494 492 582 0001
582 581 583 1000
583 580 584 0110
584 573 585 0110
585 570 586 1001
586 558 587 1000
586 558 588 0110
547 545 589 0001
554 548 590 0001
590 589 591 1000
541 540 592 1000
544 542 593 0001
593 592 594 1000
594 591 595 0110
550 549 596 1000
553 551 597 0001
597 596 598 1000
598 595 599 0110
538 536 600 0001
555 539 601 0001
601 600 602 1000
528 526 603 0001
535 529 604 0001
604 603 605 1000
522 521 606 1000
525 523 607 0001
607 606 608 1000
608 605 609 0110
531 530 610 1000
534 532 611 0001
611 610 612 1000
612 609 613 0110
613 602 614 0110
614 599 615 0110
615 3136 616 0110
616 588 617 0001
617 587 618 1000
584 573 619 1000
585 570 620 0001
620 619 621 1000
579 576 622 1000
583 3136 623 0110
623 580 624 0001
624 622 625 1000
625 621 626 0110
564 561 627 1000
569 565 628 0001
628 627 629 1000
629 626 630 0110
630 618 631 0110
608 605 632 1000
612 3136 633 0110
633 609 634 0001
634 632 635 1000
635 3136 636 0110
613 602 637 0001
614 599 638 0001
638 637 639 1000
639 636 640 0110
594 591 641 1000
598 3136 642 0110
642 595 643 0001
643 641 644 1000
644 3136 645 0110
645 640 646 0110
646 631 647 0110
556 520 648 0110
64 256 649 1001
649 3136 650 0110
650 648 651 0001
616 588 652 0110
652 651 653 0001
653 647 654 0001
630 618 655 1000
646 631 656 0001
656 655 657 1000
625 621 658 1000
629 3136 659 0110
659 626 660 0001
660 658 661 1000
661 657 662 0110
639 636 663 0001
645 640 664 0001
664 663 665 1000
665 3136 666 0110
666 662 667 0110
667 654 668 0001
661 657 669 1000
666 662 670 0001
670 669 671 1000
671 3136 672 0110
672 668 673 0001
125 285 674 1001
126 286 675 1001
675 674 676 0110
127 287 677 1001
677 3136 678 0110
678 676 679 0110
121 281 680 1001
680 3136 681 0110
681 679 682 0110
122 282 683 1001
123 283 684 1001
684 683 685 0110
124 284 686 1001
686 3136 687 0110
687 685 688 0110
688 682 689 0110
113 273 690 1001
690 3136 691 0110
691 689 692 0110
118 278 693 1001
119 279 694 1001
694 693 695 0110
120 280 696 1001
696 3136 697 0110
697 695 698 0110
114 274 699 1001
699 3136 700 0110
700 698 701 0110
115 275 702 1001
116 276 703 1001
703 702 704 0110
117 277 705 1001
705 3136 706 0110
706 704 707 0110
707 701 708 0110
708 692 709 0110
97 257 710 1001
710 3136 711 0110
711 709 712 0001
711 709 713 0110
110 270 714 1001
111 271 715 1001
715 714 716 0110
112 272 717 1001
717 3136 718 0110
718 716 719 0110
106 266 720 1001
720 3136 721 0110
721 719 722 0110
107 267 723 1001
108 268 724 1001
724 723 725 0110
109 269 726 1001
726 3136 727 0110
727 725 728 0110
728 722 729 0110
98 258 730 1001
730 3136 731 0110
731 729 732 0110
103 263 733 1001
104 264 734 1001
734 733 735 0110
105 265 736 1001
736 3136 737 0110
737 735 738 0110
99 259 739 1001
739 3136 740 0110
740 738 741 0110
100 260 742 1001
101 261 743 1001
743 742 744 0110
102 262 745 1001
745 3136 746 0110
746 744 747 0110
747 741 748 0110
748 732 749 0110
749 713 750 0001
750 712 751 1000
700 698 752 0001
707 701 753 0001
753 752 754 1000
694 693 755 1000
697 695 756 0001
756 755 757 1000
757 754 758 0110
703 702 759 1000
706 704 760 0001
760 759 761 1000
761 3136 762 0110
762 758 763 0110
691 689 764 0001
708 692 765 0001
765 764 766 1000
681 679 767 0001
688 682 768 0001
768 767 769 1000
675 674 770 1000
678 676 771 0001
771 770 772 1000
772 769 773 0110
684 683 774 1000
687 685 775 0001
775 774 776 1000
776 773 777 0110
777 766 778 0110
778 763 779 1001
779 751 780 1000
779 751 781 0110
740 738 782 0001
747 741 783 0001
783 782 784 1000
734 733 785 1000
737 735 786 0001
786 785 787 1000
787 784 788 0110
743 742 789 1000
746 744 790 0001
790 789 791 1000
791 788 792 0110
731 729 793 0001
748 732 794 0001
794 793 795 1000
721 719 796 0001
728 722 797 0001
797 796 798 1000
715 714 799 1000
718 716 800 0001
800 799 801 1000
801 798 802 0110
724 723 803 1000
727 725 804 0001
804 803 805 1000
805 802 806 0110
806 795 807 0110
807 792 808 0110
808 3136 809 0110
809 781 810 0001
810 780 811 1000
777 766 812 1000
778 763 813 0001
813 812 814 1000
772 769 815 1000
776 3136 816 0110
816 773 817 0001
817 815 818 1000
818 814 819 0110
757 754 820 1000
762 758 821 0001
821 820 822 1000
822 819 823 0110
823 811 824 0110
801 798 825 1000
805 3136 826 0110
826 802 827 0001
827 825 828 1000
828 3136 829 0110
806 795 830 0001
807 792 831 0001
831 830 832 1000
832 829 833 0110
787 784 834 1000
791 3136 835 0110
835 788 836 0001
836 834 837 1000
837 3136 838 0110
838 833 839 0110
839 824 840 0110
749 713 841 0110
96 256 842 1001
842 3136 843 0110
843 841 844 0001
809 781 845 0110
845 844 846 0001
846 840 847 0001
823 811 848 1000
839 824 849 0001
849 848 850 1000
818 814 851 1000
822 3136 852 0110
852 819 853 0001
853 851 854 1000
854 850 855 0110
832 829 856 0001
838 833 857 0001
857 856 858 1000
858 3136 859 0110
859 855 860 0110
860 847 861 0001
854 850 862 1000
859 855 863 0001
863 862 864 1000
864 3136 865 0110
865 861 866 0001
189 285 867 1001
190 286 868 1001
868 867 869 0110
191 287 870 1001
870 3136 871 0110
871 869 872 0110
185 281 873 1001
873 3136 874 0110
874 872 875 0110
186 282 876 1001
187 283 877 1001
877 876 878 0110
188 284 879 1001
879 3136 880 0110
880 878 881 0110
881 875 882 0110
177 273 883 1001
883 3136 884 0110
884 882 885 0110
182 278 886 1001
183 279 887 1001
887 886 888 0110
184 280 889 1001
889 3136 890 0110
890 888 891 0110
178 274 892 1001
892 3136 893 0110
893 891 894 0110
179 275 895 1001
180 276 896 1001
896 895 897 0110
181 277 898 1001
898 3136 899 0110
899 897 900 0110
900 894 901 0110
901 885 902 0110
161 257 903 1001
903 3136 904 0110
904 902 905 0001
904 902 906 0110
174 270 907 1001
175 271 908 1001
908 907 909 0110
176 272 910 1001
910 3136 911 0110
911 909 912 0110
170 266 913 1001
913 3136 914 0110
914 912 915 0110
171 267 916 1001
172 268 917 1001
917 916 918 0110
173 269 919 1001
919 3136 920 0110
920 918 921 0110
921 915 922 0110
162 258 923 1001
923 3136 924 0110
924 922 925 0110
167 263 926 1001
168 264 927 1001
927 926 928 0110
169 265 929 1001
929 3136 930 0110
930 928 931 0110
163 259 932 1001
932 3136 933 0110
933 931 934 0110
164 260 935 1001
165 261 936 1001
936 935 937 0110
166 262 938 1001
938 3136 939 0110
939 937 940 0110
940 934 941 0110
941 925 942 0110
942 906 943 0001
943 905 944 1000
893 891 945 0001
900 894 946 0001
946 945 947 1000
887 886 948 1000
890 888 949 0001
949 948 950 1000
950 947 951 0110
896 895 952 1000
899 897 953 0001
953 952 954 1000
954 3136 955 0110
955 951 956 0110
884 882 957 0001
901 885 958 0001
958 957 959 1000
874 872 960 0001
881 875 961 0001
961 960 962 1000
868 867 963 1000
871 869 964 0001
964 963 965 1000
965 962 966 0110
877 876 967 1000
880 878 968 0001
968 967 969 1000
969 966 970 0110
970 959 971 0110
971 956 972 1001
972 944 973 1000
972 944 974 0110
933 931 975 0001
940 934 976 0001
976 975 977 1000
927 926 978 1000
930 928 979 0001
979 978 980 1000
980 977 981 0110
936 935 982 1000
939 937 983 0001
983 982 984 1000
984 981 985 0110
924 922 986 0001
941 925 987 0001
987 986 988 1000
914 912 989 0001
921 915 990 0001
990 989 991 1000
908 907 992 1000
911 909 993 0001
993 992 994 1000
994 991 995 0110
917 916 996 1000
920 918 997 0001
997 996 998 1000
998 995 999 0110
999 988 1000 0110
1000 985 1001 0110
1001 3136 1002 0110
1002 974 1003 0001
1003 973 1004 1000
970 959 1005 1000
971 956 1006 0001
1006 1005 1007 1000
965 962 1008 1000
969 3136 1009 0110
1009 966 1010 0001
1010 1008 1011 1000
1011 1007 1012 0110
950 947 1013 1000
955 951 1014 0001
1014 1013 1015 1000
1015 1012 1016 0110
1016 1004 1017 0110
994 991 1018 1000
998 3136 1019 0110
1019 995 1020 0001
1020 1018 1021 1000
1021 3136 1022 0110
999 988 1023 0001
1000 985 1024 0001
1024 1023 1025 1000
1025 1022 1026 0110
980 977 1027 1000
984 3136 1028 0110
1028 981 1029 0001
1029 1027 1030 1000
1030 3136 1031 0110
1031 1026 1032 0110
1032 1017 1033 0110
942 906 1034 0110
160 256 1035 1001
1035 3136 1036 0110
1036 1034 1037 0001
1002 974 1038 0110
1038 1037 1039 0001
1039 1033 1040 0001
1016 1004 1041 1000
1032 1017 1042 0001
1042 1041 1043 1000
1011 1007 1044 1000
1015 3136 1045 0110
1045 1012 1046 0001
1046 1044 1047 1000
1047 1043 1048 0110
1025 1022 1049 0001
1031 1026 1050 0001
1050 1049 1051 1000
1051 3136 1052 0110
1052 1048 1053 0110
1053 1040 1054 0001
1047 1043 1055 1000
1052 1048 1056 0001
1056 1055 1057 1000
1057 3136 1058 0110
1058 1054 1059 0001
285 221 1060 1001
286 222 1061 1001
1061 1060 1062 0110
287 223 1063 1001
1063 1062 1064 0110
281 217 1065 1001
1065 1064 1066 0110
282 218 1067 0110
283 219 1068 1001
1068 1067 1069 0110
284 220 1070 1001
1070 1069 1071 0110
1071 1066 1072 0110
273 209 1073 1001
1073 1072 1074 0110
278 214 1075 1001
279 215 1076 1001
1076 1075 1077 0110
280 216 1078 1001
1078 1077 1079 0110
274 210 1080 1001
1080 1079 1081 0110
275 211 1082 1001
276 212 1083 1001
1083 1082 1084 0110
277 213 1085 1001
1085 3136 1086 0110
1086 1084 1087 0110
1087 1081 1088 0110
1088 1074 1089 0110
257 193 1090 1001
1090 1089 1091 0110
270 206 1092 0110
271 207 1093 1001
1093 1092 1094 0110
272 208 1095 1001
1095 1094 1096 0110
266 202 1097 1001
1097 1096 1098 0110
267 203 1099 1001
268 204 1100 1001
1100 1099 1101 0110
269 205 1102 1001
1102 3136 1103 0110
1103 1101 1104 0110
1104 1098 1105 0110
258 194 1106 1001
1106 1105 1107 0110
263 199 1108 1001
264 200 1109 1001
1109 1108 1110 0110
265 201 1111 1001
1111 3136 1112 0110
1112 1110 1113 0110
259 195 1114 1001
1114 3136 1115 0110
1115 1113 1116 0110
260 196 1117 0110
261 197 1118 1001
1118 1117 1119 0110
262 198 1120 1001
1120 1119 1121 0110
1121 1116 1122 0110
1122 1107 1123 0110
1123 1091 1124 0110
256 192 1125 1001
1125 3136 1126 0110
1126 1124 1127 0001
285 221 1128 0110
1061 1128 1129 0110
1063 1129 1130 0110
1065 1130 1131 0110
1071 1131 1132 0110
1073 1132 1133 0110
1088 1133 1134 0110
1090 3136 1135 0110
1135 1134 1136 0001
1123 1091 1137 0001
1137 1136 1138 1000
1080 1079 1139 1000
1087 1081 1140 0001
1140 1139 1141 1000
1076 1075 1142 1000
1078 3136 1143 0110
1143 1077 1144 0001
1144 1142 1145 1000
1145 1141 1146 0110
1083 1082 1147 1000
1086 1084 1148 0001
1148 1147 1149 1000
1149 3136 1150 0110
1150 1146 1151 0110
1073 3136 1152 0110
1152 1072 1153 0001
1088 1133 1154 0001
1154 1153 1155 1000
1065 3136 1156 0110
1156 1130 1157 0001
1071 1066 1158 0001
1158 1157 1159 1000
1061 1060 1160 1000
1063 3136 1161 0110
1161 1062 1162 0001
1162 1160 1163 1000
1163 1159 1164 0110
1068 3136 1165 0110
1165 1067 1166 0001
1070 1069 1167 1000
1167 1166 1168 1000
1168 1164 1169 0110
1169 1155 1170 0110
1170 1151 1171 1001
1171 1138 1172 0110
1115 1113 1173 0001
1121 1116 1174 0001
1174 1173 1175 1000
1109 1108 1176 1000
1112 1110 1177 0001
1177 1176 1178 1000
1178 1175 1179 0110
1118 3136 1180 0110
1180 1117 1181 0001
1120 1119 1182 1000
1182 1181 1183 1000
1183 1179 1184 0110
1106 1105 1185 1000
1122 1107 1186 0001
1186 1185 1187 1000
1097 3136 1188 0110
1188 1096 1189 0001
270 206 1190 1001
1093 1190 1191 0110
1095 1191 1192 0110
1097 1192 1193 0110
1104 1193 1194 0001
1194 1189 1195 1000
1093 1190 1196 1000
1095 3136 1197 0110
1197 1191 1198 0001
1198 1196 1199 1000
1199 1195 1200 0110
1100 1099 1201 1000
1103 1101 1202 0001
1202 1201 1203 1000
1203 1200 1204 0110
1204 1187 1205 0110
1205 1184 1206 1001
1206 1172 1207 0110
1207 1127 1208 0001
1171 1138 1209 1000
1206 1172 1210 0001
1210 1209 1211 1000
1169 1155 1212 1000
1170 1151 1213 0001
1213 1212 1214 1000
1163 1159 1215 1000
1168 3136 1216 0110
1216 1164 1217 0001
1217 1215 1218 1000
1218 1214 1219 0110
1145 1141 1220 1000
1150 1146 1221 0001
1221 1220 1222 1000
1222 1219 1223 0110
1223 1211 1224 0110
1199 1195 1225 1000
1203 3136 1226 0110
1226 1200 1227 0001
1227 1225 1228 1000
1204 1187 1229 0001
1205 1184 1230 0001
1230 1229 1231 1000
1231 1228 1232 0110
1178 1175 1233 1000
1183 3136 1234 0110
1234 1179 1235 0001
1235 1233 1236 1000
1236 1232 1237 0110
1237 1224 1238 0110
1238 1208 1239 0001
1223 1211 1240 1000
1237 1224 1241 0001
1241 1240 1242 1000
1218 1214 1243 1000
1222 3136 1244 0110
1244 1219 1245 0001
1245 1243 1246 1000
1246 3136 1247 0110
1247 1242 1248 0110
1228 3136 1249 0110
1231 1249 1250 0001
1236 1232 1251 1000
1251 1250 1252 1000
1252 1248 1253 0110
1253 1239 1254 0001
1246 1242 1255 1000
1246 1242 1256 0110
1252 3136 1257 0110
1257 1256 1258 0001
1258 1255 1259 1000
1259 3136 1260 0110
1260 1254 1261 0001
253 285 1262 0110
254 286 1263 1001
1263 1262 1264 0110
255 287 1265 1001
1265 1264 1266 0110
249 281 1267 1001
1267 1266 1268 0110
250 282 1269 0110
251 283 1270 1001
1270 1269 1271 0110
252 284 1272 1001
1272 1271 1273 0110
1273 1268 1274 0110
241 273 1275 1001
1275 1274 1276 0110
246 278 1277 1001
247 279 1278 1001
1278 1277 1279 0110
248 280 1280 1001
1280 1279 1281 0110
242 274 1282 1001
1282 1281 1283 0110
243 275 1284 1001
244 276 1285 1001
1285 1284 1286 0110
245 277 1287 1001
1287 3136 1288 0110
1288 1286 1289 0110
1289 1283 1290 0110
1290 1276 1291 0110
225 257 1292 1001
1292 3136 1293 0110
1293 1291 1294 0001
253 285 1295 1001
1263 1295 1296 0110
1265 1296 1297 0110
1267 1297 1298 0110
1273 1298 1299 0110
1275 1299 1300 0110
1290 1300 1301 0110
1292 1301 1302 0110
238 270 1303 0110
239 271 1304 1001
1304 1303 1305 0110
240 272 1306 1001
1306 1305 1307 0110
234 266 1308 1001
1308 1307 1309 0110
235 267 1310 1001
236 268 1311 1001
1311 1310 1312 0110
237 269 1313 1001
1313 3136 1314 0110
1314 1312 1315 0110
1315 1309 1316 0110
226 258 1317 1001
1317 1316 1318 0110
231 263 1319 1001
232 264 1320 1001
1320 1319 1321 0110
233 265 1322 1001
1322 3136 1323 0110
1323 1321 1324 0110
227 259 1325 1001
1325 3136 1326 0110
1326 1324 1327 0110
228 260 1328 0110
229 261 1329 1001
1329 1328 1330 0110
230 262 1331 1001
1331 1330 1332 0110
1332 1327 1333 0110
1333 1318 1334 0110
1334 1302 1335 0001
1335 1294 1336 1000
1282 1281 1337 1000
1289 1283 1338 0001
1338 1337 1339 1000
1278 1277 1340 1000
1280 3136 1341 0110
1341 1279 1342 0001
1342 1340 1343 1000
1343 1339 1344 0110
1285 1284 1345 1000
1288 1286 1346 0001
1346 1345 1347 1000
1347 3136 1348 0110
1348 1344 1349 0110
1275 3136 1350 0110
1350 1299 1351 0001
1290 1276 1352 0001
1352 1351 1353 1000
1267 3136 1354 0110
1354 1266 1355 0001
1273 1298 1356 0001
1356 1355 1357 1000
1263 1295 1358 1000
1265 3136 1359 0110
1359 1296 1360 0001
1360 1358 1361 1000
1361 1357 1362 0110
1270 3136 1363 0110
1363 1269 1364 0001
1272 1271 1365 1000
1365 1364 1366 1000
1366 1362 1367 0110
1367 1353 1368 0110
1368 1349 1369 1001
1369 1336 1370 1000
1369 1336 1371 0110
1326 1324 1372 0001
1332 1327 1373 0001
1373 1372 1374 1000
1320 1319 1375 1000
1323 1321 1376 0001
1376 1375 1377 1000
1377 1374 1378 0110
1329 3136 1379 0110
1379 1328 1380 0001
1331 1330 1381 1000
1381 1380 1382 1000
1382 1378 1383 0110
1317 1316 1384 1000
1333 1318 1385 0001
1385 1384 1386 1000
1308 3136 1387 0110
1387 1307 1388 0001
238 270 1389 1001
1304 1389 1390 0110
1306 1390 1391 0110
1308 1391 1392 0110
1315 1392 1393 0001
1393 1388 1394 1000
1304 1389 1395 1000
1306 3136 1396 0110
1396 1390 1397 0001
1397 1395 1398 1000
1398 1394 1399 0110
1311 1310 1400 1000
1314 1312 1401 0001
1401 1400 1402 1000
1402 1399 1403 0110
1403 1386 1404 0110
1404 1383 1405 1001
1405 1371 1406 0001
1406 1370 1407 1000
1367 1353 1408 1000
1368 1349 1409 0001
1409 1408 1410 1000
1361 1357 1411 1000
1366 3136 1412 0110
1412 1362 1413 0001
1413 1411 1414 1000
1414 1410 1415 0110
1343 1339 1416 1000
1348 1344 1417 0001
1417 1416 1418 1000
1418 1415 1419 0110
1419 1407 1420 1000
1419 1407 1421 0110
1398 1394 1422 1000
1402 3136 1423 0110
1423 1399 1424 0001
1424 1422 1425 1000
1403 1386 1426 0001
1404 1383 1427 0001
1427 1426 1428 1000
1428 1425 1429 0110
1377 1374 1430 1000
1382 3136 1431 0110
1431 1378 1432 0001
1432 1430 1433 1000
1433 1429 1434 0110
1434 1421 1435 0001
1435 1420 1436 1000
1414 1410 1437 1000
1418 3136 1438 0110
1438 1415 1439 0001
1439 1437 1440 1000
1440 1436 1441 1000
1440 1436 1442 0110
1425 3136 1443 0110
1428 1443 1444 0001
1433 1429 1445 1000
1445 1444 1446 1000
1446 3136 1447 0110
1447 1442 1448 0001
1448 1441 1449 1000
1449 3136 1450 0110
1434 1421 1451 0110
1334 1302 1452 0110
224 256 1453 1001
1453 3136 1454 0110
1454 1452 1455 0001
1405 1371 1456 0110
1456 1455 1457 0001
1457 1451 1458 0001
1440 3136 1459 0110
1459 1436 1460 0110
1446 1460 1461 0110
1461 1458 1462 0001
1462 1450 1463 0001
1463 1261 1464 0001
1038 1037 1465 0110
1207 1127 1466 0110
1463 3136 1467 0110
1467 1261 1468 0001
1239 3136 1469 0110
1253 1469 1470 0110
1461 1458 1471 0110
1471 1470 1472 0001
1457 1451 1473 0110
1208 3136 1474 0110
1238 1474 1475 0110
1475 1473 1476 1000
1126 1124 1477 0110
1453 1452 1478 0110
1478 1477 1479 0001
1479 1466 1480 0001
1456 1455 1481 0110
1479 1466 1482 1000
1482 1481 1483 1000
1483 1480 1484 1000
1475 1473 1485 0001
1485 1484 1486 1000
1486 1476 1487 1000
1487 1472 1488 1000
1488 3136 1489 0110
1462 1449 1490 0110
1259 1254 1491 1001
1491 1490 1492 0001
1253 1239 1493 0110
1458 3136 1494 0110
1461 1494 1495 0110
1495 1493 1496 0001
1496 1492 1497 1000
1497 1489 1498 0001
1498 3136 1499 0110
1261 3136 1500 0110
1463 1500 1501 0001
1491 1490 1502 1000
1502 1501 1503 1000
1503 1499 1504 0001
1504 1468 1505 1000
1505 1466 1506 0001
1481 3136 1507 0110
1505 1507 1508 1000
1508 1506 1509 1000
1509 1465 1510 0001
1036 1034 1511 0110
1505 1477 1512 0001
1505 1478 1513 1000
1513 1512 1514 1000
1514 1511 1515 0001
1515 1510 1516 1000
1516 3136 1517 0110
1039 1033 1518 0110
1518 3136 1519 0110
1505 1475 1520 0001
1505 1473 1521 1000
1521 1520 1522 1000
1522 1519 1523 0001
1465 3136 1524 0110
1505 1481 1525 1000
1466 3136 1526 0110
1505 1526 1527 0001
1527 1525 1528 1000
1528 1524 1529 0001
1529 1523 1530 1000
1530 1517 1531 0001
1473 3136 1532 0110
1505 1532 1533 1000
1475 3136 1534 0110
1505 1534 1535 0001
1535 1533 1536 1000
1536 1518 1537 0001
1053 1040 1538 0110
1505 1493 1539 0001
1505 1495 1540 1000
1540 1539 1541 1000
1541 1538 1542 0001
1542 1537 1543 1000
1543 3136 1544 0110
1544 1531 1545 1000
1541 1538 1546 1000
1057 1054 1547 1001
1505 1490 1548 1000
1491 3136 1549 0110
1504 1549 1550 1000
1550 1548 1551 1000
1551 1547 1552 1000
1552 1546 1553 1000
1553 3136 1554 0110
1554 1545 1555 1000
1551 1547 1556 0001
1464 1059 1557 0001
157 285 1558 1001
158 286 1559 1001
1559 1558 1560 0110
159 287 1561 1001
1561 3136 1562 0110
1562 1560 1563 0110
153 281 1564 1001
1564 3136 1565 0110
1565 1563 1566 0110
154 282 1567 1001
155 283 1568 1001
1568 1567 1569 0110
156 284 1570 1001
1570 3136 1571 0110
1571 1569 1572 0110
1572 1566 1573 0110
145 273 1574 1001
1574 3136 1575 0110
1575 1573 1576 0110
150 278 1577 1001
151 279 1578 1001
1578 1577 1579 0110
152 280 1580 1001
1580 3136 1581 0110
1581 1579 1582 0110
146 274 1583 1001
1583 3136 1584 0110
1584 1582 1585 0110
147 275 1586 1001
148 276 1587 1001
1587 1586 1588 0110
149 277 1589 1001
1589 3136 1590 0110
1590 1588 1591 0110
1591 1585 1592 0110
1592 1576 1593 0110
129 257 1594 1001
1594 3136 1595 0110
1595 1593 1596 0110
142 270 1597 1001
143 271 1598 1001
1598 1597 1599 0110
144 272 1600 1001
1600 3136 1601 0110
1601 1599 1602 0110
138 266 1603 1001
1603 3136 1604 0110
1604 1602 1605 0110
139 267 1606 1001
140 268 1607 1001
1607 1606 1608 0110
141 269 1609 1001
1609 3136 1610 0110
1610 1608 1611 0110
1611 1605 1612 0110
130 258 1613 1001
1613 3136 1614 0110
1614 1612 1615 0110
135 263 1616 1001
136 264 1617 1001
1617 1616 1618 0110
137 265 1619 1001
1619 3136 1620 0110
1620 1618 1621 0110
131 259 1622 1001
1622 3136 1623 0110
1623 1621 1624 0110
132 260 1625 1001
133 261 1626 1001
1626 1625 1627 0110
134 262 1628 1001
1628 3136 1629 0110
1629 1627 1630 0110
1630 1624 1631 0110
1631 1615 1632 0110
1632 1596 1633 0110
128 256 1634 1001
1634 3136 1635 0110
1635 1633 1636 0001
1595 1593 1637 0001
1632 1596 1638 0001
1638 1637 1639 1000
1584 1582 1640 0001
1591 1585 1641 0001
1641 1640 1642 1000
1578 1577 1643 1000
1581 1579 1644 0001
1644 1643 1645 1000
1645 1642 1646 0110
1587 1586 1647 1000
1590 1588 1648 0001
1648 1647 1649 1000
1649 3136 1650 0110
1650 1646 1651 0110
1575 1573 1652 0001
1592 1576 1653 0001
1653 1652 1654 1000
1565 1563 1655 0001
1572 1566 1656 0001
1656 1655 1657 1000
1559 1558 1658 1000
1562 1560 1659 0001
1659 1658 1660 1000
1660 1657 1661 0110
1568 1567 1662 1000
1571 1569 1663 0001
1663 1662 1664 1000
1664 1661 1665 0110
1665 1654 1666 0110
1666 1651 1667 1001
1667 1639 1668 0110
1623 1621 1669 0001
1630 1624 1670 0001
1670 1669 1671 1000
1617 1616 1672 1000
1620 1618 1673 0001
1673 1672 1674 1000
1674 1671 1675 0110
1626 1625 1676 1000
1629 1627 1677 0001
1677 1676 1678 1000
1678 1675 1679 0110
1614 1612 1680 0001
1631 1615 1681 0001
1681 1680 1682 1000
1604 1602 1683 0001
1611 1605 1684 0001
1684 1683 1685 1000
1598 1597 1686 1000
1601 1599 1687 0001
1687 1686 1688 1000
1688 1685 1689 0110
1607 1606 1690 1000
1610 1608 1691 0001
1691 1690 1692 1000
1692 1689 1693 0110
1693 1682 1694 0110
1694 1679 1695 0110
1695 3136 1696 0110
1696 1668 1697 0110
1697 1636 1698 0001
1667 1639 1699 1000
1696 1668 1700 0001
1700 1699 1701 1000
1665 1654 1702 1000
1666 1651 1703 0001
1703 1702 1704 1000
1660 1657 1705 1000
1664 3136 1706 0110
1706 1661 1707 0001
1707 1705 1708 1000
1708 1704 1709 0110
1645 1642 1710 1000
1650 1646 1711 0001
1711 1710 1712 1000
1712 1709 1713 0110
1713 1701 1714 0110
1688 1685 1715 1000
1692 3136 1716 0110
1716 1689 1717 0001
1717 1715 1718 1000
1718 3136 1719 0110
1693 1682 1720 0001
1694 1679 1721 0001
1721 1720 1722 1000
1722 1719 1723 0110
1674 1671 1724 1000
1678 3136 1725 0110
1725 1675 1726 0001
1726 1724 1727 1000
1727 3136 1728 0110
1728 1723 1729 0110
1729 1714 1730 0110
1730 1698 1731 0001
1713 1701 1732 1000
1729 1714 1733 0001
1733 1732 1734 1000
1708 1704 1735 1000
1712 3136 1736 0110
1736 1709 1737 0001
1737 1735 1738 1000
1738 1734 1739 0110
1722 1719 1740 0001
1728 1723 1741 0001
1741 1740 1742 1000
1742 3136 1743 0110
1743 1739 1744 0110
1744 1731 1745 0001
1738 1734 1746 1000
1743 1739 1747 0001
1747 1746 1748 1000
1748 3136 1749 0110
1749 1745 1750 0001
1697 1636 1751 0110
1751 3136 1752 0110
1059 3136 1753 0110
1464 1753 1754 1000
1754 1556 1755 1000
1755 3136 1756 0110
1756 1555 1757 1000
1757 1464 1758 1000
1758 1509 1759 0001
1758 1465 1760 1000
1760 1759 1761 1000
1761 1752 1762 0001
1762 3136 1763 0110
1635 1633 1764 0110
1511 3136 1765 0110
1758 1765 1766 1000
1758 3136 1767 0110
1767 1514 1768 1000
1768 1766 1769 1000
1769 1764 1770 0001
1770 1763 1771 0001
1730 1698 1772 0110
1758 1519 1773 1000
1758 1522 1774 0001
1774 1773 1775 1000
1775 1772 1776 0001
1758 1524 1777 1000
1758 1528 1778 0001
1778 1777 1779 1000
1779 1751 1780 0001
1780 1776 1781 1000
1781 3136 1782 0110
1782 1771 1783 1000
1772 3136 1784 0110
1758 1536 1785 0001
1758 1518 1786 1000
1786 1785 1787 1000
1787 1784 1788 0001
1744 1731 1789 0110
1789 3136 1790 0110
1758 1538 1791 1000
1758 1541 1792 0001
1792 1791 1793 1000
1793 1790 1794 0001
1794 1788 1795 1000
1795 3136 1796 0110
1796 1783 1797 1000
1793 1790 1798 1000
1748 1745 1799 1001
1551 3136 1800 0110
1758 1800 1801 0001
1547 3136 1802 0110
1758 1802 1803 1000
1803 1801 1804 1000
1804 1799 1805 0001
1805 1798 1806 1000
1806 3136 1807 0110
1807 1797 1808 1000
1804 1799 1809 1000
1750 1557 1810 0001
1810 866 1811 0001
1811 673 1812 0001
1812 480 1813 0001
6 262 1814 1001
1814 3136 1815 0110
5 261 1816 1001
4 260 1817 1001
1816 1817 1818 0110
1815 1818 1819 0001
1816 1817 1820 1000
1819 1820 1821 1000
1821 3136 1822 0110
9 265 1823 1001
1823 3136 1824 0110
8 264 1825 1001
7 263 1826 1001
1825 1826 1827 0110
1824 1827 1828 0001
1825 1826 1829 1000
1828 1829 1830 1000
1815 1818 1831 0110
3 259 1832 1001
1832 3136 1833 0110
1824 1827 1834 0110
1833 1834 1835 0110
1831 1835 1836 0001
1833 1834 1837 0001
1836 1837 1838 1000
1830 1838 1839 0110
1822 1839 1840 0001
1830 1838 1841 1000
1840 1841 1842 1000
1842 3136 1843 0110
13 269 1844 1001
1844 3136 1845 0110
12 268 1846 1001
11 267 1847 1001
1846 1847 1848 0110
1845 1848 1849 0001
1846 1847 1850 1000
1849 1850 1851 1000
16 272 1852 1001
1852 3136 1853 0110
15 271 1854 1001
14 270 1855 1001
1854 1855 1856 0110
1853 1856 1857 0001
1854 1855 1858 1000
1857 1858 1859 1000
1845 1848 1860 0110
10 266 1861 1001
1861 3136 1862 0110
1853 1856 1863 0110
1862 1863 1864 0110
1860 1864 1865 0001
1862 1863 1866 0001
1865 1866 1867 1000
1859 1867 1868 0110
1851 1868 1869 0110
1831 1835 1870 0110
2 258 1871 1001
1871 3136 1872 0110
1860 1864 1873 0110
1872 1873 1874 0110
1870 1874 1875 0001
1872 1873 1876 0001
1875 1876 1877 1000
1869 1877 1878 0110
1821 1839 1879 0110
1878 1879 1880 0001
1869 1877 1881 0001
1880 1881 1882 1000
1851 3136 1883 0110
1883 1868 1884 0001
1859 1867 1885 1000
1884 1885 1886 1000
1886 3136 1887 0110
1882 1887 1888 0110
1843 1888 1889 0001
1882 1887 1890 0001
1889 1890 1891 1000
1891 3136 1892 0110
21 277 1893 1001
1893 3136 1894 0110
20 276 1895 1001
19 275 1896 1001
1895 1896 1897 0110
1894 1897 1898 0001
1895 1896 1899 1000
1898 1899 1900 1000
1900 3136 1901 0110
24 280 1902 1001
1902 3136 1903 0110
23 279 1904 1001
22 278 1905 1001
1904 1905 1906 0110
1903 1906 1907 0001
1904 1905 1908 1000
1907 1908 1909 1000
1894 1897 1910 0110
18 274 1911 1001
1911 3136 1912 0110
1903 1906 1913 0110
1912 1913 1914 0110
1910 1914 1915 0001
1912 1913 1916 0001
1915 1916 1917 1000
1909 1917 1918 0110
1901 1918 1919 0001
1909 1917 1920 1000
1919 1920 1921 1000
1921 3136 1922 0110
28 284 1923 1001
1923 3136 1924 0110
27 283 1925 1001
26 282 1926 1001
1925 1926 1927 0110
1924 1927 1928 0001
1925 1926 1929 1000
1928 1929 1930 1000
1930 3136 1931 0110
31 287 1932 1001
1932 3136 1933 0110
30 286 1934 1001
29 285 1935 1001
1934 1935 1936 0110
1933 1936 1937 0001
1934 1935 1938 1000
1937 1938 1939 1000
1924 1927 1940 0110
25 281 1941 1001
1941 3136 1942 0110
1933 1936 1943 0110
1942 1943 1944 0110
1940 1944 1945 0001
1942 1943 1946 0001
1945 1946 1947 1000
1939 1947 1948 0110
1931 1948 1949 0001
1939 1947 1950 1000
1949 1950 1951 1000
1930 1948 1952 0110
1910 1914 1953 0110
17 273 1954 1001
1954 3136 1955 0110
1940 1944 1956 0110
1955 1956 1957 0110
1953 1957 1958 0001
1955 1956 1959 0001
1958 1959 1960 1000
1952 1960 1961 0110
1901 1918 1962 0110
1961 1962 1963 0001
1952 1960 1964 1000
1963 1964 1965 1000
1951 1965 1966 0110
1922 1966 1967 0001
1951 1965 1968 1000
1967 1968 1969 1000
1843 1888 1970 0110
1921 1966 1971 0110
1878 1879 1972 0110
1972 3136 1973 0110
1961 1962 1974 1001
1870 1874 1975 0110
1 257 1976 1001
1976 3136 1977 0110
1953 1957 1978 0110
1977 1978 1979 0110
1975 1979 1980 0001
1977 1978 1981 0001
1980 1981 1982 1000
1974 1982 1983 0110
1973 1983 1984 0001
1974 1982 1985 1000
1984 1985 1986 1000
1971 1986 1987 0110
1970 1987 1988 0001
1971 1986 1989 1000
1988 1989 1990 1000
1969 1990 1991 0110
1892 1991 1992 0001
1969 1990 1993 1000
1992 1993 1994 1000
1994 3136 1995 0110
1892 1991 1996 0110
1970 1987 1997 0110
1973 1983 1998 0110
0 256 1999 1001
1999 3136 2000 0110
1975 1979 2001 0110
2000 2001 2002 0001
1998 2002 2003 0001
1997 2003 2004 0001
1996 2004 2005 0001
1995 2005 2006 0001
2006 3136 2007 0110
1813 2007 2008 1000
1998 2002 2009 0110
845 844 2010 0110
866 3136 2011 0110
1810 2011 2012 0001
1750 3136 2013 0110
2013 1557 2014 0001
2014 1809 2015 1000
2015 3136 2016 0110
2016 1808 2017 1000
2013 1557 2018 1000
2018 2017 2019 1000
2019 1779 2020 1000
2019 1751 2021 0001
2021 2020 2022 1000
2010 2022 2023 0001
843 841 2024 0110
2019 1769 2025 1000
2019 1764 2026 0001
2026 2025 2027 1000
2027 2024 2028 0001
2028 2023 2029 1000
2029 3136 2030 0110
846 840 2031 0110
2031 3136 2032 0110
2019 1784 2033 0001
2019 1787 2034 1000
2034 2033 2035 1000
2035 2032 2036 0001
2019 1752 2037 0001
2019 1761 2038 1000
2038 2037 2039 1000
2010 3136 2040 0110
2040 2039 2041 0001
2041 2036 2042 1000
2042 2030 2043 0001
1793 3136 2044 0110
2019 2044 2045 1000
2019 1789 2046 0001
2046 2045 2047 1000
860 847 2048 0110
2048 2047 2049 0001
2019 1775 2050 1000
2019 1772 2051 0001
2051 2050 2052 1000
2052 2031 2053 0001
2053 2049 2054 1000
2054 3136 2055 0110
2055 2043 2056 1000
2048 2047 2057 1000
2019 1804 2058 1000
1745 3136 2059 0110
1748 2059 2060 0001
2060 3136 2061 0110
2017 1750 2062 1000
2062 2061 2063 0001
2063 2058 2064 1000
864 861 2065 1001
2065 2064 2066 1000
2066 2057 2067 1000
2067 3136 2068 0110
2068 2056 2069 1000
861 3136 2070 0110
864 2070 2071 0001
2071 3136 2072 0110
2072 2064 2073 0001
2073 866 2074 1000
2074 1811 2075 1000
2075 2069 2076 1000
2076 2012 2077 1000
2077 2010 2078 1000
2077 2022 2079 0001
2079 2078 2080 1000
2077 2039 2081 0001
2077 2040 2082 1000
2082 2081 2083 1000
652 651 2084 0110
2084 2083 2085 0001
650 648 2086 0110
2024 3136 2087 0110
2077 2087 2088 1000
2027 3136 2089 0110
2077 2089 2090 0001
2090 2088 2091 1000
2091 2086 2092 0001
2092 2085 2093 1000
2093 3136 2094 0110
653 647 2095 0110
2095 3136 2096 0110
2077 2052 2097 0001
2077 2031 2098 1000
2098 2097 2099 1000
2099 2096 2100 0001
2084 3136 2101 0110
2101 2080 2102 0001
2102 2100 2103 1000
2103 2094 2104 0001
667 654 2105 0110
2048 3136 2106 0110
2077 2106 2107 1000
2047 3136 2108 0110
2077 2108 2109 0001
2109 2107 2110 1000
2110 2105 2111 0001
2077 2032 2112 1000
2077 2035 2113 0001
2113 2112 2114 1000
2114 2095 2115 0001
2115 2111 2116 1000
2116 3136 2117 0110
2117 2104 2118 1000
2110 2105 2119 1000
671 668 2120 0110
2077 2064 2121 0001
2077 2065 2122 1000
2122 2121 2123 1000
2123 2120 2124 0001
2124 2119 2125 1000
2125 3136 2126 0110
2126 2118 2127 1000
673 3136 2128 0110
2123 2128 2129 0001
668 3136 2130 0110
671 2130 2131 0001
2131 1812 2132 1000
2132 3136 2133 0110
2133 2129 2134 1000
2134 2127 2135 1000
1811 2128 2136 0001
2136 2135 2137 1000
2137 2080 2138 0001
2137 2101 2139 1000
2139 2138 2140 1000
480 3136 2141 0110
1812 2141 2142 1000
455 459 2143 0110
2143 2140 2144 1000
2144 3136 2145 0110
457 458 2146 0110
2086 3136 2147 0110
2137 2147 2148 1000
2091 3136 2149 0110
2137 2149 2150 0001
2150 2148 2151 1000
2151 2146 2152 0001
2152 2145 2153 0001
454 460 2154 0110
2154 3136 2155 0110
2137 2114 2156 0001
2137 2095 2157 1000
2157 2156 2158 1000
2158 2155 2159 1000
2143 2140 2160 0001
2160 2159 2161 1000
2161 3136 2162 0110
2162 2153 2163 1000
2158 2155 2164 0001
474 461 2165 0110
2165 3136 2166 0110
2137 2105 2167 1000
2137 2110 2168 0001
2168 2167 2169 1000
2169 2166 2170 0001
2170 2164 2171 1000
2171 3136 2172 0110
2172 2163 2173 1000
2169 2166 2174 1000
478 475 2175 1001
2137 2120 2176 1000
2137 2123 2177 0001
2177 2176 2178 1000
2178 2175 2179 0001
2179 2174 2180 1000
2180 3136 2181 0110
2181 2173 2182 1000
2178 2175 2183 1000
1812 2141 2184 0001
2184 2183 2185 1000
2185 3136 2186 0110
2186 2182 2187 1000
2187 2142 2188 1000
2188 2140 2189 1000
2188 2143 2190 0001
2190 2189 2191 1000
2191 2009 2192 1000
2192 3136 2193 0110
2151 3136 2194 0110
2188 2194 2195 1000
2146 3136 2196 0110
2188 2196 2197 0001
2197 2195 2198 1000
1999 2001 2199 0110
2199 2198 2200 1000
2200 2193 2201 0001
2191 2009 2202 0001
1997 2003 2203 0110
2203 3136 2204 0110
2188 2155 2205 0001
2188 2158 2206 1000
2206 2205 2207 1000
2207 2204 2208 1000
2208 2202 2209 1000
2209 3136 2210 0110
2210 2201 2211 1000
2207 2204 2212 0001
1996 2004 2213 0110
2169 3136 2214 0110
2188 2214 2215 1000
2188 2165 2216 0001
2216 2215 2217 1000
2217 2213 2218 1000
2218 2212 2219 1000
2219 3136 2220 0110
2220 2211 2221 1000
2217 2213 2222 0001
1994 2005 2223 1001
2223 3136 2224 0110
2175 3136 2225 0110
2188 2225 2226 0001
2178 3136 2227 0110
2188 2227 2228 1000
2228 2226 2229 1000
2229 2224 2230 1000
2230 2222 2231 1000
2231 3136 2232 0110
2232 2221 2233 1000
2229 2224 2234 0001
1813 2007 2235 0001
2235 2234 2236 1000
2236 3136 2237 0110
2237 2233 2238 1000
2238 2008 2239 1000
32 3136 2240 0110
2188 2240 2241 0001
2137 64 2242 1000
2077 96 2243 1000
1758 160 2244 1000
1505 224 2245 1000
192 3136 2246 0110
1505 2246 2247 0001
2247 2245 2248 1000
2248 3136 2249 0110
2249 1758 2250 0001
2250 2244 2251 1000
2251 2019 2252 1000
128 3136 2253 0110
2019 2253 2254 0001
2254 2252 2255 1000
2255 3136 2256 0110
2256 2077 2257 0001
2257 2243 2258 1000
2258 3136 2259 0110
2259 2137 2260 0001
2260 2242 2261 1000
2261 2188 2262 1000
2262 2241 2263 1000
2263 2239 2264 1000
0 3136 2265 0110
2239 2265 2266 0001
2266 2264 2267 1000
33 3136 2268 0110
2188 2268 2269 0001
2137 65 2270 1000
2077 97 2271 1000
1758 161 2272 1000
1505 225 2273 1000
193 3136 2274 0110
1505 2274 2275 0001
2275 2273 2276 1000
2276 3136 2277 0110
2277 1758 2278 0001
2278 2272 2279 1000
2279 2019 2280 1000
129 3136 2281 0110
2019 2281 2282 0001
2282 2280 2283 1000
2283 3136 2284 0110
2284 2077 2285 0001
2285 2271 2286 1000
2286 3136 2287 0110
2287 2137 2288 0001
2288 2270 2289 1000
2289 2188 2290 1000
2290 2269 2291 1000
2291 2239 2292 1000
1 3136 2293 0110
2239 2293 2294 0001
2294 2292 2295 1000
34 3136 2296 0110
2188 2296 2297 0001
2137 66 2298 1000
2077 98 2299 1000
1758 162 2300 1000
1505 226 2301 1000
194 3136 2302 0110
1505 2302 2303 0001
2303 2301 2304 1000
2304 3136 2305 0110
2305 1758 2306 0001
2306 2300 2307 1000
2307 2019 2308 1000
130 3136 2309 0110
2019 2309 2310 0001
2310 2308 2311 1000
2311 3136 2312 0110
2312 2077 2313 0001
2313 2299 2314 1000
2314 3136 2315 0110
2315 2137 2316 0001
2316 2298 2317 1000
2317 2188 2318 1000
2318 2297 2319 1000
2319 2239 2320 1000
2 3136 2321 0110
2239 2321 2322 0001
2322 2320 2323 1000
35 3136 2324 0110
2188 2324 2325 0001
2137 67 2326 1000
2077 99 2327 1000
1758 163 2328 1000
1505 227 2329 1000
195 3136 2330 0110
1505 2330 2331 0001
2331 2329 2332 1000
2332 3136 2333 0110
2333 1758 2334 0001
2334 2328 2335 1000
2335 2019 2336 1000
131 3136 2337 0110
2019 2337 2338 0001
2338 2336 2339 1000
2339 3136 2340 0110
2340 2077 2341 0001
2341 2327 2342 1000
2342 3136 2343 0110
2343 2137 2344 0001
2344 2326 2345 1000
2345 2188 2346 1000
2346 2325 2347 1000
2347 2239 2348 1000
3 3136 2349 0110
2239 2349 2350 0001
2350 2348 2351 1000
4 3136 2352 0110
2239 2352 2353 0001
36 3136 2354 0110
2188 2354 2355 0001
2137 68 2356 1000
2077 100 2357 1000
1758 164 2358 1000
1505 228 2359 1000
196 3136 2360 0110
1505 2360 2361 0001
2361 2359 2362 1000
2362 3136 2363 0110
2363 1758 2364 0001
2364 2358 2365 1000
2365 2019 2366 1000
132 3136 2367 0110
2019 2367 2368 0001
2368 2366 2369 1000
2369 3136 2370 0110
2370 2077 2371 0001
2371 2357 2372 1000
2372 3136 2373 0110
2373 2137 2374 0001
2374 2356 2375 1000
2375 2188 2376 1000
2376 2355 2377 1000
2377 2239 2378 1000
2378 2353 2379 1000
37 3136 2380 0110
2188 2380 2381 0001
2137 69 2382 1000
2077 101 2383 1000
1758 165 2384 1000
1505 229 2385 1000
197 3136 2386 0110
1505 2386 2387 0001
2387 2385 2388 1000
2388 3136 2389 0110
2389 1758 2390 0001
2390 2384 2391 1000
2391 2019 2392 1000
133 3136 2393 0110
2019 2393 2394 0001
2394 2392 2395 1000
2395 3136 2396 0110
2396 2077 2397 0001
2397 2383 2398 1000
2398 3136 2399 0110
2399 2137 2400 0001
2400 2382 2401 1000
2401 2188 2402 1000
2402 2381 2403 1000
2403 2239 2404 1000
5 3136 2405 0110
2239 2405 2406 0001
2406 2404 2407 1000
38 3136 2408 0110
2188 2408 2409 0001
2137 70 2410 1000
2077 102 2411 1000
1758 166 2412 1000
1505 230 2413 1000
198 3136 2414 0110
1505 2414 2415 0001
2415 2413 2416 1000
2416 3136 2417 0110
2417 1758 2418 0001
2418 2412 2419 1000
2419 2019 2420 1000
134 3136 2421 0110
2019 2421 2422 0001
2422 2420 2423 1000
2423 3136 2424 0110
2424 2077 2425 0001
2425 2411 2426 1000
2426 3136 2427 0110
2427 2137 2428 0001
2428 2410 2429 1000
2429 2188 2430 1000
2430 2409 2431 1000
2431 2239 2432 1000
6 3136 2433 0110
2239 2433 2434 0001
2434 2432 2435 1000
39 3136 2436 0110
2188 2436 2437 0001
2137 71 2438 1000
2077 103 2439 1000
1758 167 2440 1000
1505 231 2441 1000
199 3136 2442 0110
1505 2442 2443 0001
2443 2441 2444 1000
2444 3136 2445 0110
2445 1758 2446 0001
2446 2440 2447 1000
2447 2019 2448 1000
135 3136 2449 0110
2019 2449 2450 0001
2450 2448 2451 1000
2451 3136 2452 0110
2452 2077 2453 0001
2453 2439 2454 1000
2454 3136 2455 0110
2455 2137 2456 0001
2456 2438 2457 1000
2457 2188 2458 1000
2458 2437 2459 1000
2459 2239 2460 1000
7 3136 2461 0110
2239 2461 2462 0001
2462 2460 2463 1000
40 3136 2464 0110
2188 2464 2465 0001
2137 72 2466 1000
2077 104 2467 1000
1758 168 2468 1000
1505 232 2469 1000
200 3136 2470 0110
1505 2470 2471 0001
2471 2469 2472 1000
2472 3136 2473 0110
2473 1758 2474 0001
2474 2468 2475 1000
2475 2019 2476 1000
136 3136 2477 0110
2019 2477 2478 0001
2478 2476 2479 1000
2479 3136 2480 0110
2480 2077 2481 0001
2481 2467 2482 1000
2482 3136 2483 0110
2483 2137 2484 0001
2484 2466 2485 1000
2485 2188 2486 1000
2486 2465 2487 1000
2487 2239 2488 1000
8 3136 2489 0110
2239 2489 2490 0001
2490 2488 2491 1000
41 3136 2492 0110
2188 2492 2493 0001
2137 73 2494 1000
2077 105 2495 1000
1758 169 2496 1000
1505 233 2497 1000
201 3136 2498 0110
1505 2498 2499 0001
2499 2497 2500 1000
2500 3136 2501 0110
2501 1758 2502 0001
2502 2496 2503 1000
2503 2019 2504 1000
137 3136 2505 0110
2019 2505 2506 0001
2506 2504 2507 1000
2507 3136 2508 0110
2508 2077 2509 0001
2509 2495 2510 1000
2510 3136 2511 0110
2511 2137 2512 0001
2512 2494 2513 1000
2513 2188 2514 1000
2514 2493 2515 1000
2515 2239 2516 1000
9 3136 2517 0110
2239 2517 2518 0001
2518 2516 2519 1000
42 3136 2520 0110
2188 2520 2521 0001
2137 74 2522 1000
2077 106 2523 1000
1758 170 2524 1000
1505 234 2525 1000
202 3136 2526 0110
1505 2526 2527 0001
2527 2525 2528 1000
2528 3136 2529 0110
2529 1758 2530 0001
2530 2524 2531 1000
2531 2019 2532 1000
138 3136 2533 0110
2019 2533 2534 0001
2534 2532 2535 1000
2535 3136 2536 0110
2536 2077 2537 0001
2537 2523 2538 1000
2538 3136 2539 0110
2539 2137 2540 0001
2540 2522 2541 1000
2541 2188 2542 1000
2542 2521 2543 1000
2543 2239 2544 1000
10 3136 2545 0110
2239 2545 2546 0001
2546 2544 2547 1000
43 3136 2548 0110
2188 2548 2549 0001
2137 75 2550 1000
2077 107 2551 1000
1758 171 2552 1000
1505 235 2553 1000
203 3136 2554 0110
1505 2554 2555 0001
2555 2553 2556 1000
2556 3136 2557 0110
2557 1758 2558 0001
2558 2552 2559 1000
2559 2019 2560 1000
139 3136 2561 0110
2019 2561 2562 0001
2562 2560 2563 1000
2563 3136 2564 0110
2564 2077 2565 0001
2565 2551 2566 1000
2566 3136 2567 0110
2567 2137 2568 0001
2568 2550 2569 1000
2569 2188 2570 1000
2570 2549 2571 1000
2571 2239 2572 1000
11 3136 2573 0110
2239 2573 2574 0001
2574 2572 2575 1000
44 3136 2576 0110
2188 2576 2577 0001
2137 76 2578 1000
2077 108 2579 1000
1758 172 2580 1000
1505 236 2581 1000
204 3136 2582 0110
1505 2582 2583 0001
2583 2581 2584 1000
2584 3136 2585 0110
2585 1758 2586 0001
2586 2580 2587 1000
2587 2019 2588 1000
140 3136 2589 0110
2019 2589 2590 0001
2590 2588 2591 1000
2591 3136 2592 0110
2592 2077 2593 0001
2593 2579 2594 1000
2594 3136 2595 0110
2595 2137 2596 0001
2596 2578 2597 1000
2597 2188 2598 1000
2598 2577 2599 1000
2599 2239 2600 1000
12 3136 2601 0110
2239 2601 2602 0001
2602 2600 2603 1000
45 3136 2604 0110
2188 2604 2605 0001
2137 77 2606 1000
2077 109 2607 1000
1758 173 2608 1000
1505 237 2609 1000
205 3136 2610 0110
1505 2610 2611 0001
2611 2609 2612 1000
2612 3136 2613 0110
2613 1758 2614 0001
2614 2608 2615 1000
2615 2019 2616 1000
141 3136 2617 0110
2019 2617 2618 0001
2618 2616 2619 1000
2619 3136 2620 0110
2620 2077 2621 0001
2621 2607 2622 1000
2622 3136 2623 0110
2623 2137 2624 0001
2624 2606 2625 1000
2625 2188 2626 1000
2626 2605 2627 1000
2627 2239 2628 1000
13 3136 2629 0110
2239 2629 2630 0001
2630 2628 2631 1000
46 3136 2632 0110
2188 2632 2633 0001
2137 78 2634 1000
2077 110 2635 1000
1758 174 2636 1000
1505 238 2637 1000
206 3136 2638 0110
1505 2638 2639 0001
2639 2637 2640 1000
2640 3136 2641 0110
2641 1758 2642 0001
2642 2636 2643 1000
2643 2019 2644 1000
142 3136 2645 0110
2019 2645 2646 0001
2646 2644 2647 1000
2647 3136 2648 0110
2648 2077 2649 0001
2649 2635 2650 1000
2650 3136 2651 0110
2651 2137 2652 0001
2652 2634 2653 1000
2653 2188 2654 1000
2654 2633 2655 1000
2655 2239 2656 1000
14 3136 2657 0110
2239 2657 2658 0001
2658 2656 2659 1000
47 3136 2660 0110
2188 2660 2661 0001
2137 79 2662 1000
2077 111 2663 1000
1758 175 2664 1000
1505 239 2665 1000
207 3136 2666 0110
1505 2666 2667 0001
2667 2665 2668 1000
2668 3136 2669 0110
2669 1758 2670 0001
2670 2664 2671 1000
2671 2019 2672 1000
143 3136 2673 0110
2019 2673 2674 0001
2674 2672 2675 1000
2675 3136 2676 0110
2676 2077 2677 0001
2677 2663 2678 1000
2678 3136 2679 0110
2679 2137 2680 0001
2680 2662 2681 1000
2681 2188 2682 1000
2682 2661 2683 1000
2683 2239 2684 1000
15 3136 2685 0110
2239 2685 2686 0001
2686 2684 2687 1000
48 3136 2688 0110
2188 2688 2689 0001
2137 80 2690 1000
2077 112 2691 1000
1758 176 2692 1000
1505 240 2693 1000
208 3136 2694 0110
1505 2694 2695 0001
2695 2693 2696 1000
2696 3136 2697 0110
2697 1758 2698 0001
2698 2692 2699 1000
2699 2019 2700 1000
144 3136 2701 0110
2019 2701 2702 0001
2702 2700 2703 1000
2703 3136 2704 0110
2704 2077 2705 0001
2705 2691 2706 1000
2706 3136 2707 0110
2707 2137 2708 0001
2708 2690 2709 1000
2709 2188 2710 1000
2710 2689 2711 1000
2711 2239 2712 1000
16 3136 2713 0110
2239 2713 2714 0001
2714 2712 2715 1000
49 3136 2716 0110
2188 2716 2717 0001
2137 81 2718 1000
2077 113 2719 1000
1758 177 2720 1000
1505 241 2721 1000
209 3136 2722 0110
1505 2722 2723 0001
2723 2721 2724 1000
2724 3136 2725 0110
2725 1758 2726 0001
2726 2720 2727 1000
2727 2019 2728 1000
145 3136 2729 0110
2019 2729 2730 0001
2730 2728 2731 1000
2731 3136 2732 0110
2732 2077 2733 0001
2733 2719 2734 1000
2734 3136 2735 0110
2735 2137 2736 0001
2736 2718 2737 1000
2737 2188 2738 1000
2738 2717 2739 1000
2739 2239 2740 1000
17 3136 2741 0110
2239 2741 2742 0001
2742 2740 2743 1000
18 3136 2744 0110
2239 2744 2745 0001
50 3136 2746 0110
2188 2746 2747 0001
2137 82 2748 1000
2077 114 2749 1000
1758 178 2750 1000
1505 242 2751 1000
210 3136 2752 0110
1505 2752 2753 0001
2753 2751 2754 1000
2754 3136 2755 0110
2755 1758 2756 0001
2756 2750 2757 1000
2757 2019 2758 1000
146 3136 2759 0110
2019 2759 2760 0001
2760 2758 2761 1000
2761 3136 2762 0110
2762 2077 2763 0001
2763 2749 2764 1000
2764 3136 2765 0110
2765 2137 2766 0001
2766 2748 2767 1000
2767 2188 2768 1000
2768 2747 2769 1000
2769 2239 2770 1000
2770 2745 2771 1000
51 3136 2772 0110
2188 2772 2773 0001
2137 83 2774 1000
2077 115 2775 1000
1758 179 2776 1000
1505 243 2777 1000
211 3136 2778 0110
1505 2778 2779 0001
2779 2777 2780 1000
2780 3136 2781 0110
2781 1758 2782 0001
2782 2776 2783 1000
2783 2019 2784 1000
147 3136 2785 0110
2019 2785 2786 0001
2786 2784 2787 1000
2787 3136 2788 0110
2788 2077 2789 0001
2789 2775 2790 1000
2790 3136 2791 0110
2791 2137 2792 0001
2792 2774 2793 1000
2793 2188 2794 1000
2794 2773 2795 1000
2795 2239 2796 1000
19 3136 2797 0110
2239 2797 2798 0001
2798 2796 2799 1000
52 3136 2800 0110
2188 2800 2801 0001
2137 84 2802 1000
2077 116 2803 1000
1758 180 2804 1000
1505 244 2805 1000
212 3136 2806 0110
1505 2806 2807 0001
2807 2805 2808 1000
2808 3136 2809 0110
2809 1758 2810 0001
2810 2804 2811 1000
2811 2019 2812 1000
148 3136 2813 0110
2019 2813 2814 0001
2814 2812 2815 1000
2815 3136 2816 0110
2816 2077 2817 0001
2817 2803 2818 1000
2818 3136 2819 0110
2819 2137 2820 0001
2820 2802 2821 1000
2821 2188 2822 1000
2822 2801 2823 1000
2823 2239 2824 1000
20 3136 2825 0110
2239 2825 2826 0001
2826 2824 2827 1000
53 3136 2828 0110
2188 2828 2829 0001
2137 85 2830 1000
2077 117 2831 1000
1758 181 2832 1000
1505 245 2833 1000
213 3136 2834 0110
1505 2834 2835 0001
2835 2833 2836 1000
2836 3136 2837 0110
2837 1758 2838 0001
2838 2832 2839 1000
2839 2019 2840 1000
149 3136 2841 0110
2019 2841 2842 0001
2842 2840 2843 1000
2843 3136 2844 0110
2844 2077 2845 0001
2845 2831 2846 1000
2846 3136 2847 0110
2847 2137 2848 0001
2848 2830 2849 1000
2849 2188 2850 1000
2850 2829 2851 1000
2851 2239 2852 1000
21 3136 2853 0110
2239 2853 2854 0001
2854 2852 2855 1000
54 3136 2856 0110
2188 2856 2857 0001
2137 86 2858 1000
2077 118 2859 1000
1758 182 2860 1000
1505 246 2861 1000
214 3136 2862 0110
1505 2862 2863 0001
2863 2861 2864 1000
2864 3136 2865 0110
2865 1758 2866 0001
2866 2860 2867 1000
2867 2019 2868 1000
150 3136 2869 0110
2019 2869 2870 0001
2870 2868 2871 1000
2871 3136 2872 0110
2872 2077 2873 0001
2873 2859 2874 1000
2874 3136 2875 0110
2875 2137 2876 0001
2876 2858 2877 1000
2877 2188 2878 1000
2878 2857 2879 1000
2879 2239 2880 1000
22 3136 2881 0110
2239 2881 2882 0001
2882 2880 2883 1000
55 3136 2884 0110
2188 2884 2885 0001
2137 87 2886 1000
2077 119 2887 1000
1758 183 2888 1000
1505 247 2889 1000
215 3136 2890 0110
1505 2890 2891 0001
2891 2889 2892 1000
2892 3136 2893 0110
2893 1758 2894 0001
2894 2888 2895 1000
2895 2019 2896 1000
151 3136 2897 0110
2019 2897 2898 0001
2898 2896 2899 1000
2899 3136 2900 0110
2900 2077 2901 0001
2901 2887 2902 1000
2902 3136 2903 0110
2903 2137 2904 0001
2904 2886 2905 1000
2905 2188 2906 1000
2906 2885 2907 1000
2907 2239 2908 1000
23 3136 2909 0110
2239 2909 2910 0001
2910 2908 2911 1000
56 3136 2912 0110
2188 2912 2913 0001
2137 88 2914 1000
2077 120 2915 1000
1758 184 2916 1000
1505 248 2917 1000
216 3136 2918 0110
1505 2918 2919 0001
2919 2917 2920 1000
2920 3136 2921 0110
2921 1758 2922 0001
2922 2916 2923 1000
2923 2019 2924 1000
152 3136 2925 0110
2019 2925 2926 0001
2926 2924 2927 1000
2927 3136 2928 0110
2928 2077 2929 0001
2929 2915 2930 1000
2930 3136 2931 0110
2931 2137 2932 0001
2932 2914 2933 1000
2933 2188 2934 1000
2934 2913 2935 1000
2935 2239 2936 1000
24 3136 2937 0110
2239 2937 2938 0001
2938 2936 2939 1000
57 3136 2940 0110
2188 2940 2941 0001
2137 89 2942 1000
2077 121 2943 1000
1758 185 2944 1000
1505 249 2945 1000
217 3136 2946 0110
1505 2946 2947 0001
2947 2945 2948 1000
2948 3136 2949 0110
2949 1758 2950 0001
2950 2944 2951 1000
2951 2019 2952 1000
153 3136 2953 0110
2019 2953 2954 0001
2954 2952 2955 1000
2955 3136 2956 0110
2956 2077 2957 0001
2957 2943 2958 1000
2958 3136 2959 0110
2959 2137 2960 0001
2960 2942 2961 1000
2961 2188 2962 1000
2962 2941 2963 1000
2963 2239 2964 1000
25 3136 2965 0110
2239 2965 2966 0001
2966 2964 2967 1000
58 3136 2968 0110
2188 2968 2969 0001
2137 90 2970 1000
2077 122 2971 1000
1758 186 2972 1000
1505 250 2973 1000
218 3136 2974 0110
1505 2974 2975 0001
2975 2973 2976 1000
2976 3136 2977 0110
2977 1758 2978 0001
2978 2972 2979 1000
2979 2019 2980 1000
154 3136 2981 0110
2019 2981 2982 0001
2982 2980 2983 1000
2983 3136 2984 0110
2984 2077 2985 0001
2985 2971 2986 1000
2986 3136 2987 0110
2987 2137 2988 0001
2988 2970 2989 1000
2989 2188 2990 1000
2990 2969 2991 1000
2991 2239 2992 1000
26 3136 2993 0110
2239 2993 2994 0001
2994 2992 2995 1000
59 3136 2996 0110
2188 2996 2997 0001
2137 91 2998 1000
2077 123 2999 1000
1758 187 3000 1000
1505 251 3001 1000
219 3136 3002 0110
1505 3002 3003 0001
3003 3001 3004 1000
3004 3136 3005 0110
3005 1758 3006 0001
3006 3000 3007 1000
3007 2019 3008 1000
155 3136 3009 0110
2019 3009 3010 0001
3010 3008 3011 1000
3011 3136 3012 0110
3012 2077 3013 0001
3013 2999 3014 1000
3014 3136 3015 0110
3015 2137 3016 0001
3016 2998 3017 1000
3017 2188 3018 1000
3018 2997 3019 1000
3019 2239 3020 1000
27 3136 3021 0110
2239 3021 3022 0001
3022 3020 3023 1000
28 3136 3024 0110
2239 3024 3025 0001
60 3136 3026 0110
2188 3026 3027 0001
2137 92 3028 1000
2077 124 3029 1000
1758 188 3030 1000
1505 252 3031 1000
220 3136 3032 0110
1505 3032 3033 0001
3033 3031 3034 1000
3034 3136 3035 0110
3035 1758 3036 0001
3036 3030 3037 1000
3037 2019 3038 1000
156 3136 3039 0110
2019 3039 3040 0001
3040 3038 3041 1000
3041 3136 3042 0110
3042 2077 3043 0001
3043 3029 3044 1000
3044 3136 3045 0110
3045 2137 3046 0001
3046 3028 3047 1000
3047 2188 3048 1000
3048 3027 3049 1000
3049 2239 3050 1000
3050 3025 3051 1000
61 3136 3052 0110
2188 3052 3053 0001
2137 93 3054 1000
2077 125 3055 1000
1758 189 3056 1000
1505 253 3057 1000
221 3136 3058 0110
1505 3058 3059 0001
3059 3057 3060 1000
3060 3136 3061 0110
3061 1758 3062 0001
3062 3056 3063 1000
3063 2019 3064 1000
157 3136 3065 0110
2019 3065 3066 0001
3066 3064 3067 1000
3067 3136 3068 0110
3068 2077 3069 0001
3069 3055 3070 1000
3070 3136 3071 0110
3071 2137 3072 0001
3072 3054 3073 1000
3073 2188 3074 1000
3074 3053 3075 1000
3075 2239 3076 1000
29 3136 3077 0110
2239 3077 3078 0001
3078 3076 3079 1000
62 3136 3080 0110
2188 3080 3081 0001
2137 94 3082 1000
2077 126 3083 1000
1758 190 3084 1000
1505 254 3085 1000
222 3136 3086 0110
1505 3086 3087 0001
3087 3085 3088 1000
3088 3136 3089 0110
3089 1758 3090 0001
3090 3084 3091 1000
3091 2019 3092 1000
158 3136 3093 0110
2019 3093 3094 0001
3094 3092 3095 1000
3095 3136 3096 0110
3096 2077 3097 0001
3097 3083 3098 1000
3098 3136 3099 0110
3099 2137 3100 0001
3100 3082 3101 1000
3101 2188 3102 1000
3102 3081 3103 1000
3103 2239 3104 1000
30 3136 3105 0110
2239 3105 3106 0001
3106 3104 3107 1000
63 3136 3108 0110
2188 3108 3109 0001
2137 95 3110 1000
2077 127 3111 1000
1758 191 3112 1000
1505 255 3113 1000
223 3136 3114 0110
1505 3114 3115 0001
3115 3113 3116 1000
3116 3136 3117 0110
3117 1758 3118 0001
3118 3112 3119 1000
3119 2019 3120 1000
159 3136 3121 0110
2019 3121 3122 0001
3122 3120 3123 1000
3123 3136 3124 0110
3124 2077 3125 0001
3125 3111 3126 1000
3126 3136 3127 0110
3127 2137 3128 0001
3128 3110 3129 1000
3129 2188 3130 1000
3130 3109 3131 1000
3131 2239 3132 1000
31 3136 3133 0110
2239 3133 3134 0001
3134 3132 3135 1000
