# first row is comment
928 4 1056
P0 32
0
1
2
3
4
5
6
7
8
9
10
11
12
13
14
15
16
17
18
19
20
21
22
23
24
25
26
27
28
29
30
31
P1 32
32
33
34
35
36
37
38
39
40
41
42
43
44
45
46
47
48
49
50
51
52
53
54
55
56
57
58
59
60
61
62
63
P2 32
64
65
66
67
68
69
70
71
72
73
74
75
76
77
78
79
80
81
82
83
84
85
86
87
88
89
90
91
92
93
94
95
P3 32
96
97
98
99
100
101
102
103
104
105
106
107
108
109
110
111
112
113
114
115
116
117
118
119
120
121
122
123
124
125
126
127
Out 34
1054
950
955
958
961
964
967
970
975
978
981
984
987
990
993
996
999
1002
1005
1008
1011
1014
1017
1020
1023
1026
1029
1032
1035
1038
1041
1044
1047
1050
# list of gates
0 0 1055 1001
71 1055 128 0110
103 128 129 0001
72 1055 130 0110
104 130 131 0001
131 129 132 1000
132 1055 133 0110
103 1055 134 0110
134 71 135 0001
102 1055 136 0110
136 70 137 0001
135 137 138 1000
138 1055 139 0110
70 1055 140 0110
102 140 141 0001
69 1055 142 0110
101 142 143 0001
141 143 144 1000
144 1055 145 0110
101 1055 146 0110
146 69 147 0001
100 1055 148 0110
148 68 149 0001
147 149 150 1000
150 1055 151 0110
68 1055 152 0110
100 152 153 0001
67 1055 154 0110
99 154 155 0001
153 155 156 1000
156 1055 157 0110
98 1055 158 0110
158 66 159 0001
99 1055 160 0110
160 67 161 0001
159 161 162 1000
162 1055 163 0110
65 1055 164 0110
97 164 165 0001
66 1055 166 0110
98 166 167 0001
165 167 168 1000
96 1055 169 0110
169 64 170 0001
97 1055 171 0110
171 65 172 0001
170 172 173 1000
173 1055 174 0110
168 174 175 0001
163 175 176 1000
157 176 177 1000
151 177 178 1000
145 178 179 1000
139 179 180 1000
133 180 181 1000
104 1055 182 0110
182 72 183 0001
105 1055 184 0110
184 73 185 0001
185 183 186 1000
186 1055 187 0110
187 181 188 1000
73 1055 189 0110
105 189 190 0001
74 1055 191 0110
106 191 192 0001
192 190 193 1000
193 1055 194 0110
194 188 195 1000
106 1055 196 0110
196 74 197 0001
107 1055 198 0110
198 75 199 0001
199 197 200 1000
200 1055 201 0110
201 195 202 1000
75 1055 203 0110
107 203 204 0001
76 1055 205 0110
108 205 206 0001
206 204 207 1000
207 1055 208 0110
208 202 209 1000
108 1055 210 0110
210 76 211 0001
109 1055 212 0110
212 77 213 0001
213 211 214 1000
214 1055 215 0110
215 209 216 1000
77 1055 217 0110
109 217 218 0001
78 1055 219 0110
110 219 220 0001
220 218 221 1000
221 1055 222 0110
222 216 223 1000
110 1055 224 0110
224 78 225 0001
111 1055 226 0110
226 79 227 0001
227 225 228 1000
228 1055 229 0110
229 223 230 1000
79 1055 231 0110
111 231 232 0001
80 1055 233 0110
112 233 234 0001
234 232 235 1000
235 1055 236 0110
236 230 237 1000
112 1055 238 0110
238 80 239 0001
113 1055 240 0110
240 81 241 0001
241 239 242 1000
242 1055 243 0110
243 237 244 1000
81 1055 245 0110
113 245 246 0001
82 1055 247 0110
114 247 248 0001
248 246 249 1000
249 1055 250 0110
250 244 251 1000
114 1055 252 0110
252 82 253 0001
115 1055 254 0110
254 83 255 0001
255 253 256 1000
256 1055 257 0110
257 251 258 1000
83 1055 259 0110
115 259 260 0001
84 1055 261 0110
116 261 262 0001
262 260 263 1000
263 1055 264 0110
264 258 265 1000
116 1055 266 0110
266 84 267 0001
117 1055 268 0110
268 85 269 0001
269 267 270 1000
270 1055 271 0110
271 265 272 1000
85 1055 273 0110
117 273 274 0001
86 1055 275 0110
118 275 276 0001
276 274 277 1000
277 1055 278 0110
278 272 279 1000
118 1055 280 0110
280 86 281 0001
119 1055 282 0110
282 87 283 0001
283 281 284 1000
284 1055 285 0110
285 279 286 1000
87 1055 287 0110
119 287 288 0001
88 1055 289 0110
120 289 290 0001
290 288 291 1000
291 1055 292 0110
292 286 293 1000
120 1055 294 0110
294 88 295 0001
121 1055 296 0110
296 89 297 0001
297 295 298 1000
298 1055 299 0110
299 293 300 1000
89 1055 301 0110
121 301 302 0001
90 1055 303 0110
122 303 304 0001
304 302 305 1000
305 1055 306 0110
306 300 307 1000
122 1055 308 0110
308 90 309 0001
123 1055 310 0110
310 91 311 0001
311 309 312 1000
312 1055 313 0110
313 307 314 1000
91 1055 315 0110
123 315 316 0001
92 1055 317 0110
124 317 318 0001
318 316 319 1000
319 1055 320 0110
320 314 321 1000
124 1055 322 0110
322 92 323 0001
125 1055 324 0110
324 93 325 0001
325 323 326 1000
326 1055 327 0110
327 321 328 1000
93 1055 329 0110
125 329 330 0001
94 1055 331 0110
126 331 332 0001
332 330 333 1000
333 1055 334 0110
334 328 335 1000
126 1055 336 0110
336 94 337 0001
127 1055 338 0110
338 95 339 0001
339 337 340 1000
340 1055 341 0110
341 335 342 1000
95 1055 343 0110
127 343 344 0001
344 342 345 1000
345 94 346 0001
345 336 347 1000
347 346 348 1000
348 1055 349 0110
31 1055 350 0110
63 350 351 0001
63 1055 352 0110
352 31 353 0001
62 1055 354 0110
354 30 355 0001
353 355 356 1000
356 1055 357 0110
30 1055 358 0110
62 358 359 0001
29 1055 360 0110
61 360 361 0001
359 361 362 1000
362 1055 363 0110
61 1055 364 0110
364 29 365 0001
60 1055 366 0110
366 28 367 0001
365 367 368 1000
368 1055 369 0110
28 1055 370 0110
60 370 371 0001
27 1055 372 0110
59 372 373 0001
371 373 374 1000
374 1055 375 0110
59 1055 376 0110
376 27 377 0001
58 1055 378 0110
378 26 379 0001
377 379 380 1000
380 1055 381 0110
26 1055 382 0110
58 382 383 0001
25 1055 384 0110
57 384 385 0001
383 385 386 1000
386 1055 387 0110
57 1055 388 0110
388 25 389 0001
56 1055 390 0110
390 24 391 0001
389 391 392 1000
392 1055 393 0110
24 1055 394 0110
56 394 395 0001
23 1055 396 0110
55 396 397 0001
395 397 398 1000
398 1055 399 0110
55 1055 400 0110
400 23 401 0001
54 1055 402 0110
402 22 403 0001
401 403 404 1000
404 1055 405 0110
22 1055 406 0110
54 406 407 0001
21 1055 408 0110
53 408 409 0001
407 409 410 1000
410 1055 411 0110
53 1055 412 0110
412 21 413 0001
52 1055 414 0110
414 20 415 0001
413 415 416 1000
416 1055 417 0110
20 1055 418 0110
52 418 419 0001
19 1055 420 0110
51 420 421 0001
419 421 422 1000
422 1055 423 0110
51 1055 424 0110
424 19 425 0001
50 1055 426 0110
426 18 427 0001
425 427 428 1000
428 1055 429 0110
18 1055 430 0110
50 430 431 0001
17 1055 432 0110
49 432 433 0001
431 433 434 1000
434 1055 435 0110
49 1055 436 0110
436 17 437 0001
48 1055 438 0110
438 16 439 0001
437 439 440 1000
440 1055 441 0110
16 1055 442 0110
48 442 443 0001
15 1055 444 0110
47 444 445 0001
443 445 446 1000
446 1055 447 0110
47 1055 448 0110
448 15 449 0001
46 1055 450 0110
450 14 451 0001
449 451 452 1000
452 1055 453 0110
14 1055 454 0110
46 454 455 0001
13 1055 456 0110
45 456 457 0001
455 457 458 1000
458 1055 459 0110
45 1055 460 0110
460 13 461 0001
44 1055 462 0110
462 12 463 0001
461 463 464 1000
464 1055 465 0110
12 1055 466 0110
44 466 467 0001
11 1055 468 0110
43 468 469 0001
467 469 470 1000
470 1055 471 0110
43 1055 472 0110
472 11 473 0001
42 1055 474 0110
474 10 475 0001
473 475 476 1000
476 1055 477 0110
10 1055 478 0110
42 478 479 0001
9 1055 480 0110
41 480 481 0001
479 481 482 1000
482 1055 483 0110
41 1055 484 0110
484 9 485 0001
40 1055 486 0110
486 8 487 0001
485 487 488 1000
488 1055 489 0110
8 1055 490 0110
40 490 491 0001
7 1055 492 0110
39 492 493 0001
491 493 494 1000
494 1055 495 0110
39 1055 496 0110
496 7 497 0001
38 1055 498 0110
498 6 499 0001
497 499 500 1000
500 1055 501 0110
6 1055 502 0110
38 502 503 0001
5 1055 504 0110
37 504 505 0001
503 505 506 1000
506 1055 507 0110
37 1055 508 0110
508 5 509 0001
36 1055 510 0110
510 4 511 0001
509 511 512 1000
512 1055 513 0110
4 1055 514 0110
36 514 515 0001
3 1055 516 0110
35 516 517 0001
515 517 518 1000
518 1055 519 0110
34 1055 520 0110
520 2 521 0001
35 1055 522 0110
522 3 523 0001
521 523 524 1000
524 1055 525 0110
1 1055 526 0110
33 526 527 0001
2 1055 528 0110
34 528 529 0001
527 529 530 1000
32 1055 531 0110
531 0 532 0001
33 1055 533 0110
533 1 534 0001
532 534 535 1000
535 1055 536 0110
530 536 537 0001
525 537 538 1000
519 538 539 1000
513 539 540 1000
507 540 541 1000
501 541 542 1000
495 542 543 1000
489 543 544 1000
483 544 545 1000
477 545 546 1000
471 546 547 1000
465 547 548 1000
459 548 549 1000
453 549 550 1000
447 550 551 1000
441 551 552 1000
435 552 553 1000
429 553 554 1000
423 554 555 1000
417 555 556 1000
411 556 557 1000
405 557 558 1000
399 558 559 1000
393 559 560 1000
387 560 561 1000
381 561 562 1000
375 562 563 1000
369 563 564 1000
363 564 565 1000
357 565 566 1000
351 566 567 1000
567 354 568 1000
567 30 569 0001
568 569 570 1000
349 570 571 0001
567 29 572 0001
567 364 573 1000
573 572 574 1000
574 1055 575 0110
345 93 576 0001
345 324 577 1000
577 576 578 1000
578 575 579 0001
567 26 580 0001
567 378 581 1000
581 580 582 1000
582 1055 583 0110
345 90 584 0001
345 308 585 1000
585 584 586 1000
586 583 587 0001
567 25 588 0001
567 388 589 1000
589 588 590 1000
345 89 591 0001
345 296 592 1000
592 591 593 1000
593 1055 594 0110
594 590 595 0001
567 22 596 0001
567 402 597 1000
597 596 598 1000
345 86 599 0001
345 280 600 1000
600 599 601 1000
601 1055 602 0110
602 598 603 0001
567 21 604 0001
567 412 605 1000
605 604 606 1000
606 1055 607 0110
345 85 608 0001
345 268 609 1000
609 608 610 1000
610 607 611 0001
567 16 612 0001
567 438 613 1000
613 612 614 1000
614 1055 615 0110
345 80 616 0001
345 238 617 1000
617 616 618 1000
618 615 619 0001
567 15 620 0001
567 448 621 1000
621 620 622 1000
345 79 623 0001
345 226 624 1000
624 623 625 1000
625 1055 626 0110
626 622 627 0001
567 13 628 0001
567 460 629 1000
629 628 630 1000
630 1055 631 0110
345 77 632 0001
345 212 633 1000
633 632 634 1000
634 631 635 0001
567 12 636 0001
567 462 637 1000
637 636 638 1000
345 76 639 0001
345 210 640 1000
640 639 641 1000
641 1055 642 0110
642 638 643 0001
567 10 644 0001
567 474 645 1000
645 644 646 1000
646 1055 647 0110
345 74 648 0001
345 196 649 1000
649 648 650 1000
650 647 651 0001
567 9 652 0001
567 484 653 1000
653 652 654 1000
345 73 655 0001
345 184 656 1000
656 655 657 1000
657 1055 658 0110
658 654 659 0001
567 7 660 0001
567 496 661 1000
661 660 662 1000
662 1055 663 0110
345 71 664 0001
345 134 665 1000
665 664 666 1000
666 663 667 0001
567 502 668 0001
567 38 669 1000
669 668 670 1000
345 70 671 0001
345 136 672 1000
672 671 673 1000
673 670 674 1000
567 2 675 0001
567 520 676 1000
676 675 677 1000
345 166 678 0001
345 98 679 1000
679 678 680 1000
680 677 681 1000
567 1 682 0001
567 533 683 1000
683 682 684 1000
345 164 685 0001
345 97 686 1000
686 685 687 1000
687 684 688 0001
687 684 689 1000
345 64 690 0001
345 169 691 1000
691 690 692 1000
0 1055 693 0110
567 693 694 0001
567 32 695 1000
695 694 696 1000
696 692 697 0001
697 689 698 1000
698 688 699 1000
699 681 700 1000
567 3 701 0001
567 522 702 1000
702 701 703 1000
345 154 704 0001
345 99 705 1000
705 704 706 1000
706 703 707 0001
680 677 708 0001
708 707 709 1000
709 1055 710 0110
710 700 711 1000
567 4 712 0001
567 510 713 1000
713 712 714 1000
345 152 715 0001
345 100 716 1000
716 715 717 1000
717 714 718 1000
706 703 719 1000
719 718 720 1000
720 1055 721 0110
721 711 722 1000
717 714 723 0001
567 5 724 0001
567 508 725 1000
725 724 726 1000
345 142 727 0001
345 101 728 1000
728 727 729 1000
729 726 730 0001
730 723 731 1000
731 1055 732 0110
732 722 733 1000
729 726 734 1000
673 670 735 0001
735 734 736 1000
736 1055 737 0110
737 733 738 1000
738 674 739 1000
739 667 740 1000
666 1055 741 0110
741 662 742 0001
567 8 743 0001
567 486 744 1000
744 743 745 1000
345 72 746 0001
345 182 747 1000
747 746 748 1000
748 1055 749 0110
749 745 750 0001
750 742 751 1000
751 1055 752 0110
752 740 753 1000
745 1055 754 0110
748 754 755 0001
654 1055 756 0110
657 756 757 0001
757 755 758 1000
758 1055 759 0110
759 753 760 1000
760 659 761 1000
761 651 762 1000
567 11 763 0001
567 472 764 1000
764 763 765 1000
345 75 766 0001
345 198 767 1000
767 766 768 1000
768 1055 769 0110
769 765 770 0001
650 1055 771 0110
771 646 772 0001
772 770 773 1000
773 1055 774 0110
774 762 775 1000
765 1055 776 0110
768 776 777 0001
638 1055 778 0110
641 778 779 0001
779 777 780 1000
780 1055 781 0110
781 775 782 1000
782 643 783 1000
783 635 784 1000
567 14 785 0001
567 450 786 1000
786 785 787 1000
345 78 788 0001
345 224 789 1000
789 788 790 1000
790 1055 791 0110
791 787 792 0001
634 1055 793 0110
793 630 794 0001
794 792 795 1000
795 1055 796 0110
796 784 797 1000
787 1055 798 0110
790 798 799 0001
622 1055 800 0110
625 800 801 0001
801 799 802 1000
802 1055 803 0110
803 797 804 1000
804 627 805 1000
805 619 806 1000
567 17 807 0001
567 436 808 1000
808 807 809 1000
345 81 810 0001
345 240 811 1000
811 810 812 1000
812 1055 813 0110
813 809 814 0001
618 1055 815 0110
815 614 816 0001
816 814 817 1000
817 1055 818 0110
818 806 819 1000
567 18 820 0001
567 426 821 1000
821 820 822 1000
822 1055 823 0110
345 82 824 0001
345 252 825 1000
825 824 826 1000
826 823 827 0001
809 1055 828 0110
812 828 829 0001
829 827 830 1000
830 1055 831 0110
831 819 832 1000
826 1055 833 0110
833 822 834 0001
567 19 835 0001
567 424 836 1000
836 835 837 1000
345 83 838 0001
345 254 839 1000
839 838 840 1000
840 1055 841 0110
841 837 842 0001
842 834 843 1000
843 1055 844 0110
844 832 845 1000
837 1055 846 0110
840 846 847 0001
567 20 848 0001
567 414 849 1000
849 848 850 1000
850 1055 851 0110
345 84 852 0001
345 266 853 1000
853 852 854 1000
854 851 855 0001
855 847 856 1000
856 1055 857 0110
857 845 858 1000
610 1055 859 0110
859 606 860 0001
854 1055 861 0110
861 850 862 0001
862 860 863 1000
863 1055 864 0110
864 858 865 1000
865 611 866 1000
866 603 867 1000
567 23 868 0001
567 400 869 1000
869 868 870 1000
870 1055 871 0110
345 87 872 0001
345 282 873 1000
873 872 874 1000
874 871 875 0001
598 1055 876 0110
601 876 877 0001
877 875 878 1000
878 1055 879 0110
879 867 880 1000
567 24 881 0001
567 390 882 1000
882 881 883 1000
345 88 884 0001
345 294 885 1000
885 884 886 1000
886 1055 887 0110
887 883 888 0001
874 1055 889 0110
889 870 890 0001
890 888 891 1000
891 1055 892 0110
892 880 893 1000
883 1055 894 0110
886 894 895 0001
590 1055 896 0110
593 896 897 0001
897 895 898 1000
898 1055 899 0110
899 893 900 1000
900 595 901 1000
901 587 902 1000
567 27 903 0001
567 376 904 1000
904 903 905 1000
345 91 906 0001
345 310 907 1000
907 906 908 1000
908 1055 909 0110
909 905 910 0001
586 1055 911 0110
911 582 912 0001
912 910 913 1000
913 1055 914 0110
914 902 915 1000
905 1055 916 0110
908 916 917 0001
567 28 918 0001
567 366 919 1000
919 918 920 1000
920 1055 921 0110
345 92 922 0001
345 322 923 1000
923 922 924 1000
924 921 925 0001
925 917 926 1000
926 1055 927 0110
927 915 928 1000
578 1055 929 0110
929 574 930 0001
924 1055 931 0110
931 920 932 0001
932 930 933 1000
933 1055 934 0110
934 928 935 1000
935 579 936 1000
936 571 937 1000
63 31 938 1000
938 1055 939 0110
127 95 940 1000
940 939 941 0001
570 1055 942 0110
348 942 943 0001
943 941 944 1000
944 1055 945 0110
945 937 946 1000
940 1055 947 0110
947 938 948 0001
948 946 949 1000
949 1055 950 0110
692 1055 951 0110
949 951 952 1000
696 1055 953 0110
949 953 954 0001
954 952 955 1000
949 687 956 1000
949 684 957 0001
957 956 958 1000
949 680 959 1000
949 677 960 0001
960 959 961 1000
949 706 962 1000
949 703 963 0001
963 962 964 1000
949 717 965 1000
949 714 966 0001
966 965 967 1000
949 729 968 1000
949 726 969 0001
969 968 970 1000
673 1055 971 0110
949 971 972 1000
670 1055 973 0110
949 973 974 0001
974 972 975 1000
949 741 976 1000
949 662 977 0001
977 976 978 1000
949 749 979 1000
949 745 980 0001
980 979 981 1000
949 658 982 1000
949 654 983 0001
983 982 984 1000
949 771 985 1000
949 646 986 0001
986 985 987 1000
949 769 988 1000
949 765 989 0001
989 988 990 1000
949 642 991 1000
949 638 992 0001
992 991 993 1000
949 793 994 1000
949 630 995 0001
995 994 996 1000
949 791 997 1000
949 787 998 0001
998 997 999 1000
949 626 1000 1000
949 622 1001 0001
1001 1000 1002 1000
949 815 1003 1000
949 614 1004 0001
1004 1003 1005 1000
949 813 1006 1000
949 809 1007 0001
1007 1006 1008 1000
949 833 1009 1000
949 822 1010 0001
1010 1009 1011 1000
949 841 1012 1000
949 837 1013 0001
1013 1012 1014 1000
949 861 1015 1000
949 850 1016 0001
1016 1015 1017 1000
949 859 1018 1000
949 606 1019 0001
1019 1018 1020 1000
949 602 1021 1000
949 598 1022 0001
1022 1021 1023 1000
949 889 1024 1000
949 870 1025 0001
1025 1024 1026 1000
949 887 1027 1000
949 883 1028 0001
1028 1027 1029 1000
949 594 1030 1000
949 590 1031 0001
1031 1030 1032 1000
949 911 1033 1000
949 582 1034 0001
1034 1033 1035 1000
949 909 1036 1000
949 905 1037 0001
1037 1036 1038 1000
949 931 1039 1000
949 920 1040 0001
1040 1039 1041 1000
949 929 1042 1000
949 574 1043 0001
1043 1042 1044 1000
949 349 1045 1000
949 570 1046 0001
1046 1045 1047 1000
946 938 1048 1000
1048 947 1049 1000
1049 1055 1050 0110
345 1055 1051 0110
949 1051 1052 1000
949 567 1053 0001
1053 1052 1054 1000
