# first row is comment
2173 8 2429
P0 32
0
1
2
3
4
5
6
7
8
9
10
11
12
13
14
15
16
17
18
19
20
21
22
23
24
25
26
27
28
29
30
31
P1 32
32
33
34
35
36
37
38
39
40
41
42
43
44
45
46
47
48
49
50
51
52
53
54
55
56
57
58
59
60
61
62
63
P2 32
64
65
66
67
68
69
70
71
72
73
74
75
76
77
78
79
80
81
82
83
84
85
86
87
88
89
90
91
92
93
94
95
P3 32
96
97
98
99
100
101
102
103
104
105
106
107
108
109
110
111
112
113
114
115
116
117
118
119
120
121
122
123
124
125
126
127
P4 32
128
129
130
131
132
133
134
135
136
137
138
139
140
141
142
143
144
145
146
147
148
149
150
151
152
153
154
155
156
157
158
159
P5 32
160
161
162
163
164
165
166
167
168
169
170
171
172
173
174
175
176
177
178
179
180
181
182
183
184
185
186
187
188
189
190
191
P6 32
192
193
194
195
196
197
198
199
200
201
202
203
204
205
206
207
208
209
210
211
212
213
214
215
216
217
218
219
220
221
222
223
P7 32
224
225
226
227
228
229
230
231
232
233
234
235
236
237
238
239
240
241
242
243
244
245
246
247
248
249
250
251
252
253
254
255
Out 35
2427
2415
2289
2294
2297
2300
2303
2306
2310
2314
2318
2322
2326
2330
2334
2338
2342
2346
2350
2354
2358
2362
2366
2370
2374
2378
2382
2386
2390
2394
2398
2402
2406
2410
2412
# list of gates
0 0 2428 1001
125 2428 256 0110
256 93 257 0001
124 2428 258 0110
258 92 259 0001
257 259 260 1000
260 2428 261 0110
92 2428 262 0110
124 262 263 0001
91 2428 264 0110
123 264 265 0001
263 265 266 1000
266 2428 267 0110
123 2428 268 0110
268 91 269 0001
122 2428 270 0110
270 90 271 0001
269 271 272 1000
272 2428 273 0110
90 2428 274 0110
122 274 275 0001
89 2428 276 0110
121 276 277 0001
275 277 278 1000
278 2428 279 0110
121 2428 280 0110
280 89 281 0001
120 2428 282 0110
282 88 283 0001
281 283 284 1000
284 2428 285 0110
88 2428 286 0110
120 286 287 0001
87 2428 288 0110
119 288 289 0001
287 289 290 1000
290 2428 291 0110
119 2428 292 0110
292 87 293 0001
118 2428 294 0110
294 86 295 0001
293 295 296 1000
296 2428 297 0110
86 2428 298 0110
118 298 299 0001
85 2428 300 0110
117 300 301 0001
299 301 302 1000
302 2428 303 0110
117 2428 304 0110
304 85 305 0001
116 2428 306 0110
306 84 307 0001
305 307 308 1000
308 2428 309 0110
84 2428 310 0110
116 310 311 0001
83 2428 312 0110
115 312 313 0001
311 313 314 1000
314 2428 315 0110
115 2428 316 0110
316 83 317 0001
114 2428 318 0110
318 82 319 0001
317 319 320 1000
320 2428 321 0110
82 2428 322 0110
114 322 323 0001
81 2428 324 0110
113 324 325 0001
323 325 326 1000
326 2428 327 0110
113 2428 328 0110
328 81 329 0001
112 2428 330 0110
330 80 331 0001
329 331 332 1000
332 2428 333 0110
80 2428 334 0110
112 334 335 0001
79 2428 336 0110
111 336 337 0001
335 337 338 1000
338 2428 339 0110
111 2428 340 0110
340 79 341 0001
110 2428 342 0110
342 78 343 0001
341 343 344 1000
344 2428 345 0110
78 2428 346 0110
110 346 347 0001
77 2428 348 0110
109 348 349 0001
347 349 350 1000
350 2428 351 0110
109 2428 352 0110
352 77 353 0001
108 2428 354 0110
354 76 355 0001
353 355 356 1000
356 2428 357 0110
76 2428 358 0110
108 358 359 0001
75 2428 360 0110
107 360 361 0001
359 361 362 1000
362 2428 363 0110
107 2428 364 0110
364 75 365 0001
106 2428 366 0110
366 74 367 0001
365 367 368 1000
368 2428 369 0110
74 2428 370 0110
106 370 371 0001
73 2428 372 0110
105 372 373 0001
371 373 374 1000
374 2428 375 0110
105 2428 376 0110
376 73 377 0001
104 2428 378 0110
378 72 379 0001
377 379 380 1000
380 2428 381 0110
72 2428 382 0110
104 382 383 0001
71 2428 384 0110
103 384 385 0001
383 385 386 1000
386 2428 387 0110
103 2428 388 0110
388 71 389 0001
102 2428 390 0110
390 70 391 0001
389 391 392 1000
392 2428 393 0110
70 2428 394 0110
102 394 395 0001
69 2428 396 0110
101 396 397 0001
395 397 398 1000
398 2428 399 0110
101 2428 400 0110
400 69 401 0001
100 2428 402 0110
402 68 403 0001
401 403 404 1000
404 2428 405 0110
68 2428 406 0110
100 406 407 0001
67 2428 408 0110
99 408 409 0001
407 409 410 1000
410 2428 411 0110
98 2428 412 0110
412 66 413 0001
99 2428 414 0110
414 67 415 0001
413 415 416 1000
416 2428 417 0110
65 2428 418 0110
97 418 419 0001
66 2428 420 0110
98 420 421 0001
419 421 422 1000
96 2428 423 0110
423 64 424 0001
97 2428 425 0110
425 65 426 0001
424 426 427 1000
427 2428 428 0110
422 428 429 0001
417 429 430 1000
411 430 431 1000
405 431 432 1000
399 432 433 1000
393 433 434 1000
387 434 435 1000
381 435 436 1000
375 436 437 1000
369 437 438 1000
363 438 439 1000
357 439 440 1000
351 440 441 1000
345 441 442 1000
339 442 443 1000
333 443 444 1000
327 444 445 1000
321 445 446 1000
315 446 447 1000
309 447 448 1000
303 448 449 1000
297 449 450 1000
291 450 451 1000
285 451 452 1000
279 452 453 1000
273 453 454 1000
267 454 455 1000
261 455 456 1000
93 2428 457 0110
125 457 458 0001
94 2428 459 0110
126 459 460 0001
460 458 461 1000
461 2428 462 0110
462 456 463 1000
126 2428 464 0110
464 94 465 0001
127 95 466 1000
33 2428 467 0110
467 1 468 0001
32 2428 469 0110
469 0 470 0001
470 468 471 1000
471 2428 472 0110
2 2428 473 0110
34 473 474 0001
1 2428 475 0110
33 475 476 0001
476 474 477 1000
477 472 478 0001
35 2428 479 0110
479 3 480 0001
34 2428 481 0110
481 2 482 0001
482 480 483 1000
483 2428 484 0110
484 478 485 1000
3 2428 486 0110
35 486 487 0001
4 2428 488 0110
36 488 489 0001
489 487 490 1000
490 2428 491 0110
491 485 492 1000
36 2428 493 0110
493 4 494 0001
37 2428 495 0110
495 5 496 0001
496 494 497 1000
497 2428 498 0110
498 492 499 1000
5 2428 500 0110
37 500 501 0001
6 2428 502 0110
38 502 503 0001
503 501 504 1000
504 2428 505 0110
505 499 506 1000
38 2428 507 0110
507 6 508 0001
39 2428 509 0110
509 7 510 0001
510 508 511 1000
511 2428 512 0110
512 506 513 1000
7 2428 514 0110
39 514 515 0001
8 2428 516 0110
40 516 517 0001
517 515 518 1000
518 2428 519 0110
519 513 520 1000
40 2428 521 0110
521 8 522 0001
41 2428 523 0110
523 9 524 0001
524 522 525 1000
525 2428 526 0110
526 520 527 1000
9 2428 528 0110
41 528 529 0001
10 2428 530 0110
42 530 531 0001
531 529 532 1000
532 2428 533 0110
533 527 534 1000
42 2428 535 0110
535 10 536 0001
43 2428 537 0110
537 11 538 0001
538 536 539 1000
539 2428 540 0110
540 534 541 1000
11 2428 542 0110
43 542 543 0001
12 2428 544 0110
44 544 545 0001
545 543 546 1000
546 2428 547 0110
547 541 548 1000
44 2428 549 0110
549 12 550 0001
45 2428 551 0110
551 13 552 0001
552 550 553 1000
553 2428 554 0110
554 548 555 1000
13 2428 556 0110
45 556 557 0001
14 2428 558 0110
46 558 559 0001
559 557 560 1000
560 2428 561 0110
561 555 562 1000
46 2428 563 0110
563 14 564 0001
47 2428 565 0110
565 15 566 0001
566 564 567 1000
567 2428 568 0110
568 562 569 1000
15 2428 570 0110
47 570 571 0001
16 2428 572 0110
48 572 573 0001
573 571 574 1000
574 2428 575 0110
575 569 576 1000
48 2428 577 0110
577 16 578 0001
49 2428 579 0110
579 17 580 0001
580 578 581 1000
581 2428 582 0110
582 576 583 1000
17 2428 584 0110
49 584 585 0001
18 2428 586 0110
50 586 587 0001
587 585 588 1000
588 2428 589 0110
589 583 590 1000
50 2428 591 0110
591 18 592 0001
51 2428 593 0110
593 19 594 0001
594 592 595 1000
595 2428 596 0110
596 590 597 1000
19 2428 598 0110
51 598 599 0001
20 2428 600 0110
52 600 601 0001
601 599 602 1000
602 2428 603 0110
603 597 604 1000
52 2428 605 0110
605 20 606 0001
53 2428 607 0110
607 21 608 0001
608 606 609 1000
609 2428 610 0110
610 604 611 1000
21 2428 612 0110
53 612 613 0001
22 2428 614 0110
54 614 615 0001
615 613 616 1000
616 2428 617 0110
617 611 618 1000
54 2428 619 0110
619 22 620 0001
55 2428 621 0110
621 23 622 0001
622 620 623 1000
623 2428 624 0110
624 618 625 1000
23 2428 626 0110
55 626 627 0001
24 2428 628 0110
56 628 629 0001
629 627 630 1000
630 2428 631 0110
631 625 632 1000
56 2428 633 0110
633 24 634 0001
57 2428 635 0110
635 25 636 0001
636 634 637 1000
637 2428 638 0110
638 632 639 1000
25 2428 640 0110
57 640 641 0001
26 2428 642 0110
58 642 643 0001
643 641 644 1000
644 2428 645 0110
645 639 646 1000
58 2428 647 0110
647 26 648 0001
59 2428 649 0110
649 27 650 0001
650 648 651 1000
651 2428 652 0110
652 646 653 1000
27 2428 654 0110
59 654 655 0001
28 2428 656 0110
60 656 657 0001
657 655 658 1000
658 2428 659 0110
659 653 660 1000
60 2428 661 0110
661 28 662 0001
61 2428 663 0110
663 29 664 0001
664 662 665 1000
665 2428 666 0110
666 660 667 1000
29 2428 668 0110
61 668 669 0001
30 2428 670 0110
62 670 671 0001
671 669 672 1000
672 2428 673 0110
673 667 674 1000
62 2428 675 0110
675 30 676 0001
63 31 677 1000
63 2428 678 0110
678 31 679 0001
679 676 680 1000
680 2428 681 0110
681 674 682 1000
31 2428 683 0110
63 683 684 0001
684 682 685 1000
685 26 686 0001
685 647 687 1000
687 686 688 1000
127 2428 689 0110
689 95 690 0001
690 465 691 1000
691 2428 692 0110
692 463 693 1000
95 2428 694 0110
127 694 695 0001
695 693 696 1000
696 90 697 0001
696 270 698 1000
698 697 699 1000
699 2428 700 0110
700 688 701 0001
685 25 702 0001
685 635 703 1000
703 702 704 1000
704 2428 705 0110
696 89 706 0001
696 280 707 1000
707 706 708 1000
708 705 709 0001
685 22 710 0001
685 619 711 1000
711 710 712 1000
712 2428 713 0110
696 86 714 0001
696 294 715 1000
715 714 716 1000
716 713 717 0001
685 21 718 0001
685 607 719 1000
719 718 720 1000
696 85 721 0001
696 304 722 1000
722 721 723 1000
723 2428 724 0110
724 720 725 0001
685 18 726 0001
685 591 727 1000
727 726 728 1000
696 82 729 0001
696 318 730 1000
730 729 731 1000
731 2428 732 0110
732 728 733 0001
685 17 734 0001
685 579 735 1000
735 734 736 1000
736 2428 737 0110
696 81 738 0001
696 328 739 1000
739 738 740 1000
740 737 741 0001
685 12 742 0001
685 549 743 1000
743 742 744 1000
744 2428 745 0110
696 76 746 0001
696 354 747 1000
747 746 748 1000
748 745 749 0001
685 11 750 0001
685 537 751 1000
751 750 752 1000
696 75 753 0001
696 364 754 1000
754 753 755 1000
755 2428 756 0110
756 752 757 0001
685 9 758 0001
685 523 759 1000
759 758 760 1000
760 2428 761 0110
696 73 762 0001
696 376 763 1000
763 762 764 1000
764 761 765 0001
685 8 766 0001
685 521 767 1000
767 766 768 1000
696 72 769 0001
696 378 770 1000
770 769 771 1000
771 2428 772 0110
772 768 773 0001
685 2 774 0001
685 481 775 1000
775 774 776 1000
776 2428 777 0110
696 66 778 0001
696 412 779 1000
779 778 780 1000
780 777 781 0001
685 1 782 0001
685 467 783 1000
783 782 784 1000
696 65 785 0001
696 425 786 1000
786 785 787 1000
787 2428 788 0110
788 784 789 0001
0 2428 790 0110
685 790 791 0001
685 32 792 1000
792 791 793 1000
696 64 794 0001
696 423 795 1000
795 794 796 1000
796 793 797 0001
784 2428 798 0110
787 798 799 0001
799 797 800 1000
800 789 801 1000
801 781 802 1000
780 2428 803 0110
803 776 804 0001
685 3 805 0001
685 479 806 1000
806 805 807 1000
696 67 808 0001
696 414 809 1000
809 808 810 1000
810 2428 811 0110
811 807 812 0001
812 804 813 1000
813 2428 814 0110
814 802 815 1000
807 2428 816 0110
810 816 817 0001
685 488 818 0001
685 36 819 1000
819 818 820 1000
696 68 821 0001
696 402 822 1000
822 821 823 1000
823 820 824 0001
824 817 825 1000
825 2428 826 0110
826 815 827 1000
685 5 828 0001
685 495 829 1000
829 828 830 1000
696 69 831 0001
696 400 832 1000
832 831 833 1000
833 2428 834 0110
834 830 835 0001
823 820 836 1000
836 835 837 1000
837 2428 838 0110
838 827 839 1000
685 6 840 0001
685 507 841 1000
841 840 842 1000
842 2428 843 0110
696 70 844 0001
696 390 845 1000
845 844 846 1000
846 843 847 0001
830 2428 848 0110
833 848 849 0001
849 847 850 1000
850 2428 851 0110
851 839 852 1000
846 2428 853 0110
853 842 854 0001
685 7 855 0001
685 509 856 1000
856 855 857 1000
696 71 858 0001
696 388 859 1000
859 858 860 1000
860 2428 861 0110
861 857 862 0001
862 854 863 1000
863 2428 864 0110
864 852 865 1000
857 2428 866 0110
860 866 867 0001
768 2428 868 0110
771 868 869 0001
869 867 870 1000
870 2428 871 0110
871 865 872 1000
872 773 873 1000
873 765 874 1000
764 2428 875 0110
875 760 876 0001
685 10 877 0001
685 535 878 1000
878 877 879 1000
696 74 880 0001
696 366 881 1000
881 880 882 1000
882 2428 883 0110
883 879 884 0001
884 876 885 1000
885 2428 886 0110
886 874 887 1000
879 2428 888 0110
882 888 889 0001
752 2428 890 0110
755 890 891 0001
891 889 892 1000
892 2428 893 0110
893 887 894 1000
894 757 895 1000
895 749 896 1000
685 13 897 0001
685 551 898 1000
898 897 899 1000
696 77 900 0001
696 352 901 1000
901 900 902 1000
902 2428 903 0110
903 899 904 0001
748 2428 905 0110
905 744 906 0001
906 904 907 1000
907 2428 908 0110
908 896 909 1000
899 2428 910 0110
902 910 911 0001
685 14 912 0001
685 563 913 1000
913 912 914 1000
914 2428 915 0110
696 78 916 0001
696 342 917 1000
917 916 918 1000
918 915 919 0001
919 911 920 1000
920 2428 921 0110
921 909 922 1000
918 2428 923 0110
923 914 924 0001
685 15 925 0001
685 565 926 1000
926 925 927 1000
696 79 928 0001
696 340 929 1000
929 928 930 1000
930 2428 931 0110
931 927 932 0001
932 924 933 1000
933 2428 934 0110
934 922 935 1000
927 2428 936 0110
930 936 937 0001
685 16 938 0001
685 577 939 1000
939 938 940 1000
940 2428 941 0110
696 80 942 0001
696 330 943 1000
943 942 944 1000
944 941 945 0001
945 937 946 1000
946 2428 947 0110
947 935 948 1000
740 2428 949 0110
949 736 950 0001
944 2428 951 0110
951 940 952 0001
952 950 953 1000
953 2428 954 0110
954 948 955 1000
955 741 956 1000
956 733 957 1000
685 19 958 0001
685 593 959 1000
959 958 960 1000
960 2428 961 0110
696 83 962 0001
696 316 963 1000
963 962 964 1000
964 961 965 0001
728 2428 966 0110
731 966 967 0001
967 965 968 1000
968 2428 969 0110
969 957 970 1000
964 2428 971 0110
971 960 972 0001
685 20 973 0001
685 605 974 1000
974 973 975 1000
696 84 976 0001
696 306 977 1000
977 976 978 1000
978 2428 979 0110
979 975 980 0001
980 972 981 1000
981 2428 982 0110
982 970 983 1000
975 2428 984 0110
978 984 985 0001
720 2428 986 0110
723 986 987 0001
987 985 988 1000
988 2428 989 0110
989 983 990 1000
990 725 991 1000
991 717 992 1000
685 23 993 0001
685 621 994 1000
994 993 995 1000
696 87 996 0001
696 292 997 1000
997 996 998 1000
998 2428 999 0110
999 995 1000 0001
716 2428 1001 0110
1001 712 1002 0001
1002 1000 1003 1000
1003 2428 1004 0110
1004 992 1005 1000
995 2428 1006 0110
998 1006 1007 0001
685 24 1008 0001
685 633 1009 1000
1009 1008 1010 1000
1010 2428 1011 0110
696 88 1012 0001
696 282 1013 1000
1013 1012 1014 1000
1014 1011 1015 0001
1015 1007 1016 1000
1016 2428 1017 0110
1017 1005 1018 1000
708 2428 1019 0110
1019 704 1020 0001
1014 2428 1021 0110
1021 1010 1022 0001
1022 1020 1023 1000
1023 2428 1024 0110
1024 1018 1025 1000
1025 709 1026 1000
1026 701 1027 1000
685 27 1028 0001
685 649 1029 1000
1029 1028 1030 1000
1030 2428 1031 0110
696 91 1032 0001
696 268 1033 1000
1033 1032 1034 1000
1034 1031 1035 0001
688 2428 1036 0110
699 1036 1037 0001
1037 1035 1038 1000
1038 2428 1039 0110
1039 1027 1040 1000
1034 2428 1041 0110
1041 1030 1042 0001
685 28 1043 0001
685 661 1044 1000
1044 1043 1045 1000
696 92 1046 0001
696 258 1047 1000
1047 1046 1048 1000
1048 2428 1049 0110
1049 1045 1050 0001
1050 1042 1051 1000
1051 2428 1052 0110
1052 1040 1053 1000
1045 2428 1054 0110
1048 1054 1055 0001
685 29 1056 0001
685 663 1057 1000
1057 1056 1058 1000
1058 2428 1059 0110
696 93 1060 0001
696 256 1061 1000
1061 1060 1062 1000
1062 1059 1063 0001
1063 1055 1064 1000
1064 2428 1065 0110
1065 1053 1066 1000
685 30 1067 0001
685 675 1068 1000
1068 1067 1069 1000
696 94 1070 0001
696 464 1071 1000
1071 1070 1072 1000
1072 2428 1073 0110
1073 1069 1074 0001
1062 2428 1075 0110
1075 1058 1076 0001
1076 1074 1077 1000
1077 2428 1078 0110
1078 1066 1079 1000
1069 2428 1080 0110
1072 1080 1081 0001
677 466 1082 0001
1082 2428 1083 0110
225 2428 1084 0110
1084 193 1085 0001
224 2428 1086 0110
1086 192 1087 0001
1087 1085 1088 1000
1088 2428 1089 0110
194 2428 1090 0110
226 1090 1091 0001
193 2428 1092 0110
225 1092 1093 0001
1093 1091 1094 1000
1094 1089 1095 0001
227 2428 1096 0110
1096 195 1097 0001
226 2428 1098 0110
1098 194 1099 0001
1099 1097 1100 1000
1100 2428 1101 0110
1101 1095 1102 1000
195 2428 1103 0110
227 1103 1104 0001
196 2428 1105 0110
228 1105 1106 0001
1106 1104 1107 1000
1107 2428 1108 0110
1108 1102 1109 1000
228 2428 1110 0110
1110 196 1111 0001
229 2428 1112 0110
1112 197 1113 0001
1113 1111 1114 1000
1114 2428 1115 0110
1115 1109 1116 1000
197 2428 1117 0110
229 1117 1118 0001
198 2428 1119 0110
230 1119 1120 0001
1120 1118 1121 1000
1121 2428 1122 0110
1122 1116 1123 1000
230 2428 1124 0110
1124 198 1125 0001
231 2428 1126 0110
1126 199 1127 0001
1127 1125 1128 1000
1128 2428 1129 0110
1129 1123 1130 1000
199 2428 1131 0110
231 1131 1132 0001
200 2428 1133 0110
232 1133 1134 0001
1134 1132 1135 1000
1135 2428 1136 0110
1136 1130 1137 1000
232 2428 1138 0110
1138 200 1139 0001
233 2428 1140 0110
1140 201 1141 0001
1141 1139 1142 1000
1142 2428 1143 0110
1143 1137 1144 1000
201 2428 1145 0110
233 1145 1146 0001
202 2428 1147 0110
234 1147 1148 0001
1148 1146 1149 1000
1149 2428 1150 0110
1150 1144 1151 1000
234 2428 1152 0110
1152 202 1153 0001
235 2428 1154 0110
1154 203 1155 0001
1155 1153 1156 1000
1156 2428 1157 0110
1157 1151 1158 1000
203 2428 1159 0110
235 1159 1160 0001
204 2428 1161 0110
236 1161 1162 0001
1162 1160 1163 1000
1163 2428 1164 0110
1164 1158 1165 1000
236 2428 1166 0110
1166 204 1167 0001
237 2428 1168 0110
1168 205 1169 0001
1169 1167 1170 1000
1170 2428 1171 0110
1171 1165 1172 1000
205 2428 1173 0110
237 1173 1174 0001
206 2428 1175 0110
238 1175 1176 0001
1176 1174 1177 1000
1177 2428 1178 0110
1178 1172 1179 1000
238 2428 1180 0110
1180 206 1181 0001
239 2428 1182 0110
1182 207 1183 0001
1183 1181 1184 1000
1184 2428 1185 0110
1185 1179 1186 1000
207 2428 1187 0110
239 1187 1188 0001
208 2428 1189 0110
240 1189 1190 0001
1190 1188 1191 1000
1191 2428 1192 0110
1192 1186 1193 1000
240 2428 1194 0110
1194 208 1195 0001
241 2428 1196 0110
1196 209 1197 0001
1197 1195 1198 1000
1198 2428 1199 0110
1199 1193 1200 1000
209 2428 1201 0110
241 1201 1202 0001
210 2428 1203 0110
242 1203 1204 0001
1204 1202 1205 1000
1205 2428 1206 0110
1206 1200 1207 1000
242 2428 1208 0110
1208 210 1209 0001
243 2428 1210 0110
1210 211 1211 0001
1211 1209 1212 1000
1212 2428 1213 0110
1213 1207 1214 1000
211 2428 1215 0110
243 1215 1216 0001
212 2428 1217 0110
244 1217 1218 0001
1218 1216 1219 1000
1219 2428 1220 0110
1220 1214 1221 1000
244 2428 1222 0110
1222 212 1223 0001
245 2428 1224 0110
1224 213 1225 0001
1225 1223 1226 1000
1226 2428 1227 0110
1227 1221 1228 1000
213 2428 1229 0110
245 1229 1230 0001
214 2428 1231 0110
246 1231 1232 0001
1232 1230 1233 1000
1233 2428 1234 0110
1234 1228 1235 1000
246 2428 1236 0110
1236 214 1237 0001
247 2428 1238 0110
1238 215 1239 0001
1239 1237 1240 1000
1240 2428 1241 0110
1241 1235 1242 1000
215 2428 1243 0110
247 1243 1244 0001
216 2428 1245 0110
248 1245 1246 0001
1246 1244 1247 1000
1247 2428 1248 0110
1248 1242 1249 1000
248 2428 1250 0110
1250 216 1251 0001
249 2428 1252 0110
1252 217 1253 0001
1253 1251 1254 1000
1254 2428 1255 0110
1255 1249 1256 1000
217 2428 1257 0110
249 1257 1258 0001
218 2428 1259 0110
250 1259 1260 0001
1260 1258 1261 1000
1261 2428 1262 0110
1262 1256 1263 1000
250 2428 1264 0110
1264 218 1265 0001
251 2428 1266 0110
1266 219 1267 0001
1267 1265 1268 1000
1268 2428 1269 0110
1269 1263 1270 1000
219 2428 1271 0110
251 1271 1272 0001
220 2428 1273 0110
252 1273 1274 0001
1274 1272 1275 1000
1275 2428 1276 0110
1276 1270 1277 1000
252 2428 1278 0110
1278 220 1279 0001
253 2428 1280 0110
1280 221 1281 0001
1281 1279 1282 1000
1282 2428 1283 0110
1283 1277 1284 1000
221 2428 1285 0110
253 1285 1286 0001
222 2428 1287 0110
254 1287 1288 0001
1288 1286 1289 1000
1289 2428 1290 0110
1290 1284 1291 1000
254 2428 1292 0110
1292 222 1293 0001
255 223 1294 1000
161 2428 1295 0110
1295 129 1296 0001
160 2428 1297 0110
1297 128 1298 0001
1298 1296 1299 1000
1299 2428 1300 0110
130 2428 1301 0110
162 1301 1302 0001
129 2428 1303 0110
161 1303 1304 0001
1304 1302 1305 1000
1305 1300 1306 0001
163 2428 1307 0110
1307 131 1308 0001
162 2428 1309 0110
1309 130 1310 0001
1310 1308 1311 1000
1311 2428 1312 0110
1312 1306 1313 1000
131 2428 1314 0110
163 1314 1315 0001
132 2428 1316 0110
164 1316 1317 0001
1317 1315 1318 1000
1318 2428 1319 0110
1319 1313 1320 1000
164 2428 1321 0110
1321 132 1322 0001
165 2428 1323 0110
1323 133 1324 0001
1324 1322 1325 1000
1325 2428 1326 0110
1326 1320 1327 1000
133 2428 1328 0110
165 1328 1329 0001
134 2428 1330 0110
166 1330 1331 0001
1331 1329 1332 1000
1332 2428 1333 0110
1333 1327 1334 1000
166 2428 1335 0110
1335 134 1336 0001
167 2428 1337 0110
1337 135 1338 0001
1338 1336 1339 1000
1339 2428 1340 0110
1340 1334 1341 1000
135 2428 1342 0110
167 1342 1343 0001
136 2428 1344 0110
168 1344 1345 0001
1345 1343 1346 1000
1346 2428 1347 0110
1347 1341 1348 1000
168 2428 1349 0110
1349 136 1350 0001
169 2428 1351 0110
1351 137 1352 0001
1352 1350 1353 1000
1353 2428 1354 0110
1354 1348 1355 1000
137 2428 1356 0110
169 1356 1357 0001
138 2428 1358 0110
170 1358 1359 0001
1359 1357 1360 1000
1360 2428 1361 0110
1361 1355 1362 1000
170 2428 1363 0110
1363 138 1364 0001
171 2428 1365 0110
1365 139 1366 0001
1366 1364 1367 1000
1367 2428 1368 0110
1368 1362 1369 1000
139 2428 1370 0110
171 1370 1371 0001
140 2428 1372 0110
172 1372 1373 0001
1373 1371 1374 1000
1374 2428 1375 0110
1375 1369 1376 1000
172 2428 1377 0110
1377 140 1378 0001
173 2428 1379 0110
1379 141 1380 0001
1380 1378 1381 1000
1381 2428 1382 0110
1382 1376 1383 1000
141 2428 1384 0110
173 1384 1385 0001
142 2428 1386 0110
174 1386 1387 0001
1387 1385 1388 1000
1388 2428 1389 0110
1389 1383 1390 1000
174 2428 1391 0110
1391 142 1392 0001
175 2428 1393 0110
1393 143 1394 0001
1394 1392 1395 1000
1395 2428 1396 0110
1396 1390 1397 1000
143 2428 1398 0110
175 1398 1399 0001
144 2428 1400 0110
176 1400 1401 0001
1401 1399 1402 1000
1402 2428 1403 0110
1403 1397 1404 1000
176 2428 1405 0110
1405 144 1406 0001
177 2428 1407 0110
1407 145 1408 0001
1408 1406 1409 1000
1409 2428 1410 0110
1410 1404 1411 1000
145 2428 1412 0110
177 1412 1413 0001
146 2428 1414 0110
178 1414 1415 0001
1415 1413 1416 1000
1416 2428 1417 0110
1417 1411 1418 1000
178 2428 1419 0110
1419 146 1420 0001
179 2428 1421 0110
1421 147 1422 0001
1422 1420 1423 1000
1423 2428 1424 0110
1424 1418 1425 1000
147 2428 1426 0110
179 1426 1427 0001
148 2428 1428 0110
180 1428 1429 0001
1429 1427 1430 1000
1430 2428 1431 0110
1431 1425 1432 1000
180 2428 1433 0110
1433 148 1434 0001
181 2428 1435 0110
1435 149 1436 0001
1436 1434 1437 1000
1437 2428 1438 0110
1438 1432 1439 1000
149 2428 1440 0110
181 1440 1441 0001
150 2428 1442 0110
182 1442 1443 0001
1443 1441 1444 1000
1444 2428 1445 0110
1445 1439 1446 1000
182 2428 1447 0110
1447 150 1448 0001
183 2428 1449 0110
1449 151 1450 0001
1450 1448 1451 1000
1451 2428 1452 0110
1452 1446 1453 1000
151 2428 1454 0110
183 1454 1455 0001
152 2428 1456 0110
184 1456 1457 0001
1457 1455 1458 1000
1458 2428 1459 0110
1459 1453 1460 1000
184 2428 1461 0110
1461 152 1462 0001
185 2428 1463 0110
1463 153 1464 0001
1464 1462 1465 1000
1465 2428 1466 0110
1466 1460 1467 1000
153 2428 1468 0110
185 1468 1469 0001
154 2428 1470 0110
186 1470 1471 0001
1471 1469 1472 1000
1472 2428 1473 0110
1473 1467 1474 1000
186 2428 1475 0110
1475 154 1476 0001
187 2428 1477 0110
1477 155 1478 0001
1478 1476 1479 1000
1479 2428 1480 0110
1480 1474 1481 1000
155 2428 1482 0110
187 1482 1483 0001
156 2428 1484 0110
188 1484 1485 0001
1485 1483 1486 1000
1486 2428 1487 0110
1487 1481 1488 1000
188 2428 1489 0110
1489 156 1490 0001
189 2428 1491 0110
1491 157 1492 0001
1492 1490 1493 1000
1493 2428 1494 0110
1494 1488 1495 1000
157 2428 1496 0110
189 1496 1497 0001
158 2428 1498 0110
190 1498 1499 0001
1499 1497 1500 1000
1500 2428 1501 0110
1501 1495 1502 1000
190 2428 1503 0110
1503 158 1504 0001
191 159 1505 1000
191 2428 1506 0110
1506 159 1507 0001
1507 1504 1508 1000
1508 2428 1509 0110
1509 1502 1510 1000
159 2428 1511 0110
191 1511 1512 0001
1512 1510 1513 1000
1513 158 1514 0001
1513 1503 1515 1000
1515 1514 1516 1000
255 2428 1517 0110
1517 223 1518 0001
1518 1293 1519 1000
1519 2428 1520 0110
1520 1291 1521 1000
223 2428 1522 0110
255 1522 1523 0001
1523 1521 1524 1000
1524 222 1525 0001
1524 1292 1526 1000
1526 1525 1527 1000
1527 2428 1528 0110
1528 1516 1529 0001
1513 156 1530 0001
1513 1489 1531 1000
1531 1530 1532 1000
1532 2428 1533 0110
1524 220 1534 0001
1524 1278 1535 1000
1535 1534 1536 1000
1536 1533 1537 0001
1513 155 1538 0001
1513 1477 1539 1000
1539 1538 1540 1000
1524 219 1541 0001
1524 1266 1542 1000
1542 1541 1543 1000
1543 2428 1544 0110
1544 1540 1545 0001
1513 152 1546 0001
1513 1461 1547 1000
1547 1546 1548 1000
1524 216 1549 0001
1524 1250 1550 1000
1550 1549 1551 1000
1551 2428 1552 0110
1552 1548 1553 0001
1513 151 1554 0001
1513 1449 1555 1000
1555 1554 1556 1000
1556 2428 1557 0110
1524 215 1558 0001
1524 1238 1559 1000
1559 1558 1560 1000
1560 1557 1561 0001
1513 146 1562 0001
1513 1419 1563 1000
1563 1562 1564 1000
1564 2428 1565 0110
1524 210 1566 0001
1524 1208 1567 1000
1567 1566 1568 1000
1568 1565 1569 0001
1513 145 1570 0001
1513 1407 1571 1000
1571 1570 1572 1000
1524 209 1573 0001
1524 1196 1574 1000
1574 1573 1575 1000
1575 2428 1576 0110
1576 1572 1577 0001
1513 139 1578 0001
1513 1365 1579 1000
1579 1578 1580 1000
1580 2428 1581 0110
1524 203 1582 0001
1524 1154 1583 1000
1583 1582 1584 1000
1584 1581 1585 0001
1513 138 1586 0001
1513 1363 1587 1000
1587 1586 1588 1000
1524 202 1589 0001
1524 1152 1590 1000
1590 1589 1591 1000
1591 2428 1592 0110
1592 1588 1593 0001
1513 134 1594 0001
1513 1335 1595 1000
1595 1594 1596 1000
1596 2428 1597 0110
1524 198 1598 0001
1524 1124 1599 1000
1599 1598 1600 1000
1600 1597 1601 0001
1513 1328 1602 0001
1513 165 1603 1000
1603 1602 1604 1000
1524 197 1605 0001
1524 1112 1606 1000
1606 1605 1607 1000
1607 1604 1608 1000
1513 1303 1609 0001
1513 161 1610 1000
1610 1609 1611 1000
1524 193 1612 0001
1524 1084 1613 1000
1613 1612 1614 1000
1614 1611 1615 0001
128 2428 1616 0110
1513 1616 1617 0001
1513 160 1618 1000
1618 1617 1619 1000
1524 192 1620 0001
1524 1086 1621 1000
1621 1620 1622 1000
1622 1619 1623 0001
1623 1615 1624 1000
1624 2428 1625 0110
1513 1301 1626 0001
1513 162 1627 1000
1627 1626 1628 1000
1524 194 1629 0001
1524 1098 1630 1000
1630 1629 1631 1000
1631 1628 1632 1000
1614 1611 1633 1000
1633 1632 1634 1000
1634 1625 1635 0001
1513 1314 1636 0001
1513 163 1637 1000
1637 1636 1638 1000
1524 195 1639 0001
1524 1096 1640 1000
1640 1639 1641 1000
1641 1638 1642 0001
1631 1628 1643 0001
1643 1642 1644 1000
1644 2428 1645 0110
1645 1635 1646 1000
1513 132 1647 0001
1513 1321 1648 1000
1648 1647 1649 1000
1524 196 1650 0001
1524 1110 1651 1000
1651 1650 1652 1000
1652 2428 1653 0110
1653 1649 1654 0001
1641 1638 1655 1000
1655 1654 1656 1000
1656 2428 1657 0110
1657 1646 1658 1000
1649 2428 1659 0110
1652 1659 1660 0001
1607 1604 1661 0001
1661 1660 1662 1000
1662 2428 1663 0110
1663 1658 1664 1000
1664 1608 1665 1000
1665 1601 1666 1000
1600 2428 1667 0110
1667 1596 1668 0001
1513 135 1669 0001
1513 1337 1670 1000
1670 1669 1671 1000
1524 199 1672 0001
1524 1126 1673 1000
1673 1672 1674 1000
1674 2428 1675 0110
1675 1671 1676 0001
1676 1668 1677 1000
1677 2428 1678 0110
1678 1666 1679 1000
1671 2428 1680 0110
1674 1680 1681 0001
1513 136 1682 0001
1513 1349 1683 1000
1683 1682 1684 1000
1684 2428 1685 0110
1524 200 1686 0001
1524 1138 1687 1000
1687 1686 1688 1000
1688 1685 1689 0001
1689 1681 1690 1000
1690 2428 1691 0110
1691 1679 1692 1000
1688 2428 1693 0110
1693 1684 1694 0001
1513 137 1695 0001
1513 1351 1696 1000
1696 1695 1697 1000
1524 201 1698 0001
1524 1140 1699 1000
1699 1698 1700 1000
1700 2428 1701 0110
1701 1697 1702 0001
1702 1694 1703 1000
1703 2428 1704 0110
1704 1692 1705 1000
1697 2428 1706 0110
1700 1706 1707 0001
1588 2428 1708 0110
1591 1708 1709 0001
1709 1707 1710 1000
1710 2428 1711 0110
1711 1705 1712 1000
1712 1593 1713 1000
1713 1585 1714 1000
1513 140 1715 0001
1513 1377 1716 1000
1716 1715 1717 1000
1524 204 1718 0001
1524 1166 1719 1000
1719 1718 1720 1000
1720 2428 1721 0110
1721 1717 1722 0001
1584 2428 1723 0110
1723 1580 1724 0001
1724 1722 1725 1000
1725 2428 1726 0110
1726 1714 1727 1000
1513 141 1728 0001
1513 1379 1729 1000
1729 1728 1730 1000
1730 2428 1731 0110
1524 205 1732 0001
1524 1168 1733 1000
1733 1732 1734 1000
1734 1731 1735 0001
1717 2428 1736 0110
1720 1736 1737 0001
1737 1735 1738 1000
1738 2428 1739 0110
1739 1727 1740 1000
1734 2428 1741 0110
1741 1730 1742 0001
1513 142 1743 0001
1513 1391 1744 1000
1744 1743 1745 1000
1524 206 1746 0001
1524 1180 1747 1000
1747 1746 1748 1000
1748 2428 1749 0110
1749 1745 1750 0001
1750 1742 1751 1000
1751 2428 1752 0110
1752 1740 1753 1000
1745 2428 1754 0110
1748 1754 1755 0001
1513 143 1756 0001
1513 1393 1757 1000
1757 1756 1758 1000
1758 2428 1759 0110
1524 207 1760 0001
1524 1182 1761 1000
1761 1760 1762 1000
1762 1759 1763 0001
1763 1755 1764 1000
1764 2428 1765 0110
1765 1753 1766 1000
1762 2428 1767 0110
1767 1758 1768 0001
1513 144 1769 0001
1513 1405 1770 1000
1770 1769 1771 1000
1524 208 1772 0001
1524 1194 1773 1000
1773 1772 1774 1000
1774 2428 1775 0110
1775 1771 1776 0001
1776 1768 1777 1000
1777 2428 1778 0110
1778 1766 1779 1000
1771 2428 1780 0110
1774 1780 1781 0001
1572 2428 1782 0110
1575 1782 1783 0001
1783 1781 1784 1000
1784 2428 1785 0110
1785 1779 1786 1000
1786 1577 1787 1000
1787 1569 1788 1000
1513 147 1789 0001
1513 1421 1790 1000
1790 1789 1791 1000
1524 211 1792 0001
1524 1210 1793 1000
1793 1792 1794 1000
1794 2428 1795 0110
1795 1791 1796 0001
1568 2428 1797 0110
1797 1564 1798 0001
1798 1796 1799 1000
1799 2428 1800 0110
1800 1788 1801 1000
1513 148 1802 0001
1513 1433 1803 1000
1803 1802 1804 1000
1804 2428 1805 0110
1524 212 1806 0001
1524 1222 1807 1000
1807 1806 1808 1000
1808 1805 1809 0001
1791 2428 1810 0110
1794 1810 1811 0001
1811 1809 1812 1000
1812 2428 1813 0110
1813 1801 1814 1000
1808 2428 1815 0110
1815 1804 1816 0001
1513 149 1817 0001
1513 1435 1818 1000
1818 1817 1819 1000
1524 213 1820 0001
1524 1224 1821 1000
1821 1820 1822 1000
1822 2428 1823 0110
1823 1819 1824 0001
1824 1816 1825 1000
1825 2428 1826 0110
1826 1814 1827 1000
1819 2428 1828 0110
1822 1828 1829 0001
1513 150 1830 0001
1513 1447 1831 1000
1831 1830 1832 1000
1832 2428 1833 0110
1524 214 1834 0001
1524 1236 1835 1000
1835 1834 1836 1000
1836 1833 1837 0001
1837 1829 1838 1000
1838 2428 1839 0110
1839 1827 1840 1000
1560 2428 1841 0110
1841 1556 1842 0001
1836 2428 1843 0110
1843 1832 1844 0001
1844 1842 1845 1000
1845 2428 1846 0110
1846 1840 1847 1000
1847 1561 1848 1000
1848 1553 1849 1000
1513 153 1850 0001
1513 1463 1851 1000
1851 1850 1852 1000
1852 2428 1853 0110
1524 217 1854 0001
1524 1252 1855 1000
1855 1854 1856 1000
1856 1853 1857 0001
1548 2428 1858 0110
1551 1858 1859 0001
1859 1857 1860 1000
1860 2428 1861 0110
1861 1849 1862 1000
1513 154 1863 0001
1513 1475 1864 1000
1864 1863 1865 1000
1524 218 1866 0001
1524 1264 1867 1000
1867 1866 1868 1000
1868 2428 1869 0110
1869 1865 1870 0001
1856 2428 1871 0110
1871 1852 1872 0001
1872 1870 1873 1000
1873 2428 1874 0110
1874 1862 1875 1000
1865 2428 1876 0110
1868 1876 1877 0001
1540 2428 1878 0110
1543 1878 1879 0001
1879 1877 1880 1000
1880 2428 1881 0110
1881 1875 1882 1000
1882 1545 1883 1000
1883 1537 1884 1000
1536 2428 1885 0110
1885 1532 1886 0001
1513 157 1887 0001
1513 1491 1888 1000
1888 1887 1889 1000
1524 221 1890 0001
1524 1280 1891 1000
1891 1890 1892 1000
1892 2428 1893 0110
1893 1889 1894 0001
1894 1886 1895 1000
1895 2428 1896 0110
1896 1884 1897 1000
1889 2428 1898 0110
1892 1898 1899 0001
1516 2428 1900 0110
1527 1900 1901 0001
1901 1899 1902 1000
1902 2428 1903 0110
1903 1897 1904 1000
1904 1529 1905 1000
1505 1294 1906 0001
1906 1083 1907 1000
677 2428 1908 0110
1908 466 1909 0001
1081 1909 1910 1000
1910 2428 1911 0110
1911 1079 1912 1000
466 2428 1913 0110
677 1913 1914 0001
1914 1912 1915 1000
1915 705 1916 0001
1915 708 1917 1000
1917 1916 1918 1000
1918 2428 1919 0110
1505 2428 1920 0110
1920 1294 1921 0001
1905 1921 1922 1000
1922 1505 1923 1000
1294 2428 1924 0110
1922 1924 1925 1000
1925 1923 1926 1000
1926 1852 1927 1000
1926 1871 1928 0001
1928 1927 1929 1000
1929 1919 1930 0001
1915 1011 1931 0001
1915 1014 1932 1000
1932 1931 1933 1000
1933 2428 1934 0110
1926 1548 1935 1000
1926 1552 1936 0001
1936 1935 1937 1000
1937 1934 1938 1000
1915 986 1939 0001
1915 723 1940 1000
1940 1939 1941 1000
1941 2428 1942 0110
1926 1819 1943 1000
1926 1823 1944 0001
1944 1943 1945 1000
1945 1942 1946 1000
1915 984 1947 0001
1915 978 1948 1000
1948 1947 1949 1000
1949 2428 1950 0110
1926 1804 1951 1000
1926 1815 1952 0001
1952 1951 1953 1000
1953 1950 1954 0001
1915 936 1955 0001
1915 930 1956 1000
1956 1955 1957 1000
1957 2428 1958 0110
1926 1758 1959 1000
1926 1767 1960 0001
1960 1959 1961 1000
1961 1958 1962 0001
1915 915 1963 0001
1915 918 1964 1000
1964 1963 1965 1000
1965 2428 1966 0110
1926 1745 1967 1000
1926 1749 1968 0001
1968 1967 1969 1000
1969 1966 1970 1000
1915 745 1971 0001
1915 748 1972 1000
1972 1971 1973 1000
1973 2428 1974 0110
1926 1717 1975 1000
1926 1721 1976 0001
1976 1975 1977 1000
1977 1974 1978 0001
1915 890 1979 0001
1915 755 1980 1000
1980 1979 1981 1000
1981 2428 1982 0110
1926 1580 1983 1000
1926 1723 1984 0001
1984 1983 1985 1000
1985 1982 1986 1000
1915 761 1987 0001
1915 764 1988 1000
1988 1987 1989 1000
1989 2428 1990 0110
1926 1697 1991 1000
1926 1701 1992 0001
1992 1991 1993 1000
1993 1990 1994 0001
1915 868 1995 0001
1915 771 1996 1000
1996 1995 1997 1000
1997 2428 1998 0110
1926 1684 1999 1000
1926 1693 2000 0001
2000 1999 2001 1000
2001 1998 2002 1000
1915 843 2003 0001
1915 846 2004 1000
2004 2003 2005 1000
2005 2428 2006 0110
1926 1596 2007 1000
1926 1667 2008 0001
2008 2007 2009 1000
2009 2006 2010 0001
1915 848 2011 0001
1915 833 2012 1000
2012 2011 2013 1000
2013 2428 2014 0110
1604 2428 2015 0110
1926 2015 2016 1000
1607 2428 2017 0110
1926 2017 2018 0001
2018 2016 2019 1000
2019 2014 2020 1000
1915 798 2021 0001
1915 787 2022 1000
2022 2021 2023 1000
1926 1614 2024 0001
1926 1611 2025 1000
2025 2024 2026 1000
2026 2023 2027 1000
1619 2428 2028 0110
1926 2028 2029 1000
1622 2428 2030 0110
1926 2030 2031 0001
2031 2029 2032 1000
796 2428 2033 0110
1915 2033 2034 1000
793 2428 2035 0110
1915 2035 2036 0001
2036 2034 2037 1000
2037 2032 2038 0001
2038 2027 2039 1000
2039 2428 2040 0110
1915 777 2041 0001
1915 780 2042 1000
2042 2041 2043 1000
1926 1631 2044 0001
1926 1628 2045 1000
2045 2044 2046 1000
2046 2043 2047 0001
2026 2023 2048 0001
2048 2047 2049 1000
2049 2040 2050 0001
1915 816 2051 0001
1915 810 2052 1000
2052 2051 2053 1000
1926 1641 2054 0001
1926 1638 2055 1000
2055 2054 2056 1000
2056 2053 2057 1000
2046 2043 2058 1000
2058 2057 2059 1000
2059 2428 2060 0110
2060 2050 2061 1000
2056 2053 2062 0001
1915 820 2063 0001
1915 823 2064 1000
2064 2063 2065 1000
1926 1652 2066 0001
1926 1659 2067 1000
2067 2066 2068 1000
2068 2065 2069 0001
2069 2062 2070 1000
2070 2428 2071 0110
2071 2061 2072 1000
2068 2065 2073 1000
2019 2014 2074 0001
2074 2073 2075 1000
2075 2428 2076 0110
2076 2072 2077 1000
2077 2020 2078 1000
2078 2010 2079 1000
1915 866 2080 0001
1915 860 2081 1000
2081 2080 2082 1000
2082 2428 2083 0110
1926 1671 2084 1000
1926 1675 2085 0001
2085 2084 2086 1000
2086 2083 2087 1000
2009 2006 2088 1000
2088 2087 2089 1000
2089 2428 2090 0110
2090 2079 2091 1000
2086 2083 2092 0001
2001 1998 2093 0001
2093 2092 2094 1000
2094 2428 2095 0110
2095 2091 2096 1000
2096 2002 2097 1000
2097 1994 2098 1000
1993 1990 2099 1000
1915 888 2100 0001
1915 882 2101 1000
2101 2100 2102 1000
2102 2428 2103 0110
1926 1588 2104 1000
1926 1592 2105 0001
2105 2104 2106 1000
2106 2103 2107 1000
2107 2099 2108 1000
2108 2428 2109 0110
2109 2098 2110 1000
2106 2103 2111 0001
1985 1982 2112 0001
2112 2111 2113 1000
2113 2428 2114 0110
2114 2110 2115 1000
2115 1986 2116 1000
2116 1978 2117 1000
1977 1974 2118 1000
1915 910 2119 0001
1915 902 2120 1000
2120 2119 2121 1000
2121 2428 2122 0110
1926 1730 2123 1000
1926 1741 2124 0001
2124 2123 2125 1000
2125 2122 2126 1000
2126 2118 2127 1000
2127 2428 2128 0110
2128 2117 2129 1000
2125 2122 2130 0001
1969 1966 2131 0001
2131 2130 2132 1000
2132 2428 2133 0110
2133 2129 2134 1000
2134 1970 2135 1000
2135 1962 2136 1000
1961 1958 2137 1000
1915 941 2138 0001
1915 944 2139 1000
2139 2138 2140 1000
2140 2428 2141 0110
1926 1771 2142 1000
1926 1775 2143 0001
2143 2142 2144 1000
2144 2141 2145 1000
2145 2137 2146 1000
2146 2428 2147 0110
2147 2136 2148 1000
2144 2141 2149 0001
1915 737 2150 0001
1915 740 2151 1000
2151 2150 2152 1000
2152 2428 2153 0110
1926 1572 2154 1000
1926 1576 2155 0001
2155 2154 2156 1000
2156 2153 2157 0001
2157 2149 2158 1000
2158 2428 2159 0110
2159 2148 2160 1000
2156 2153 2161 1000
1915 966 2162 0001
1915 731 2163 1000
2163 2162 2164 1000
2164 2428 2165 0110
1926 1564 2166 1000
1926 1797 2167 0001
2167 2166 2168 1000
2168 2165 2169 1000
2169 2161 2170 1000
2170 2428 2171 0110
2171 2160 2172 1000
2168 2165 2173 0001
1915 961 2174 0001
1915 964 2175 1000
2175 2174 2176 1000
2176 2428 2177 0110
1926 1791 2178 1000
1926 1795 2179 0001
2179 2178 2180 1000
2180 2177 2181 0001
2181 2173 2182 1000
2182 2428 2183 0110
2183 2172 2184 1000
1953 1950 2185 1000
2180 2177 2186 1000
2186 2185 2187 1000
2187 2428 2188 0110
2188 2184 2189 1000
2189 1954 2190 1000
2190 1946 2191 1000
1915 713 2192 0001
1915 716 2193 1000
2193 2192 2194 1000
2194 2428 2195 0110
1926 1832 2196 1000
1926 1843 2197 0001
2197 2196 2198 1000
2198 2195 2199 0001
1945 1942 2200 0001
2200 2199 2201 1000
2201 2428 2202 0110
2202 2191 2203 1000
2198 2195 2204 1000
1915 1006 2205 0001
1915 998 2206 1000
2206 2205 2207 1000
2207 2428 2208 0110
1926 1556 2209 1000
1926 1841 2210 0001
2210 2209 2211 1000
2211 2208 2212 1000
2212 2204 2213 1000
2213 2428 2214 0110
2214 2203 2215 1000
2211 2208 2216 0001
1937 1934 2217 0001
2217 2216 2218 1000
2218 2428 2219 0110
2219 2215 2220 1000
2220 1938 2221 1000
2221 1930 2222 1000
1929 1919 2223 1000
1915 1036 2224 0001
1915 699 2225 1000
2225 2224 2226 1000
2226 2428 2227 0110
1926 1865 2228 1000
1926 1869 2229 0001
2229 2228 2230 1000
2230 2227 2231 1000
2231 2223 2232 1000
2232 2428 2233 0110
2233 2222 2234 1000
2230 2227 2235 0001
1915 1031 2236 0001
1915 1034 2237 1000
2237 2236 2238 1000
2238 2428 2239 0110
1926 1540 2240 1000
1926 1544 2241 0001
2241 2240 2242 1000
2242 2239 2243 0001
2243 2235 2244 1000
2244 2428 2245 0110
2245 2234 2246 1000
1915 1054 2247 0001
1915 1048 2248 1000
2248 2247 2249 1000
2249 2428 2250 0110
1926 1532 2251 1000
1926 1885 2252 0001
2252 2251 2253 1000
2253 2250 2254 1000
2242 2239 2255 1000
2255 2254 2256 1000
2256 2428 2257 0110
2257 2246 2258 1000
1915 1059 2259 0001
1915 1062 2260 1000
2260 2259 2261 1000
2261 2428 2262 0110
1926 1889 2263 1000
1926 1893 2264 0001
2264 2263 2265 1000
2265 2262 2266 0001
2253 2250 2267 0001
2267 2266 2268 1000
2268 2428 2269 0110
2269 2258 2270 1000
1915 1080 2271 0001
1915 1072 2272 1000
2272 2271 2273 1000
2273 2428 2274 0110
1926 1516 2275 1000
1926 1528 2276 0001
2276 2275 2277 1000
2277 2274 2278 1000
2265 2262 2279 1000
2279 2278 2280 1000
2280 2428 2281 0110
2281 2270 2282 1000
1906 1083 2283 0001
2277 2274 2284 0001
2284 2283 2285 1000
2285 2428 2286 0110
2286 2282 2287 1000
2287 1907 2288 1000
2288 2428 2289 0110
2032 2428 2290 0110
2288 2290 2291 1000
2037 2428 2292 0110
2288 2292 2293 0001
2293 2291 2294 1000
2288 2026 2295 1000
2288 2023 2296 0001
2296 2295 2297 1000
2288 2046 2298 1000
2288 2043 2299 0001
2299 2298 2300 1000
2288 2056 2301 1000
2288 2053 2302 0001
2302 2301 2303 1000
2288 2068 2304 1000
2288 2065 2305 0001
2305 2304 2306 1000
2019 2428 2307 0110
2288 2307 2308 1000
2288 2013 2309 0001
2309 2308 2310 1000
2009 2428 2311 0110
2288 2311 2312 1000
2288 2005 2313 0001
2313 2312 2314 1000
2086 2428 2315 0110
2288 2315 2316 1000
2288 2082 2317 0001
2317 2316 2318 1000
2001 2428 2319 0110
2288 2319 2320 1000
2288 1997 2321 0001
2321 2320 2322 1000
1993 2428 2323 0110
2288 2323 2324 1000
2288 1989 2325 0001
2325 2324 2326 1000
2106 2428 2327 0110
2288 2327 2328 1000
2288 2102 2329 0001
2329 2328 2330 1000
1985 2428 2331 0110
2288 2331 2332 1000
2288 1981 2333 0001
2333 2332 2334 1000
1977 2428 2335 0110
2288 2335 2336 1000
2288 1973 2337 0001
2337 2336 2338 1000
2125 2428 2339 0110
2288 2339 2340 1000
2288 2121 2341 0001
2341 2340 2342 1000
1969 2428 2343 0110
2288 2343 2344 1000
2288 1965 2345 0001
2345 2344 2346 1000
1961 2428 2347 0110
2288 2347 2348 1000
2288 1957 2349 0001
2349 2348 2350 1000
2144 2428 2351 0110
2288 2351 2352 1000
2288 2140 2353 0001
2353 2352 2354 1000
2156 2428 2355 0110
2288 2355 2356 1000
2288 2152 2357 0001
2357 2356 2358 1000
2168 2428 2359 0110
2288 2359 2360 1000
2288 2164 2361 0001
2361 2360 2362 1000
2180 2428 2363 0110
2288 2363 2364 1000
2288 2176 2365 0001
2365 2364 2366 1000
1953 2428 2367 0110
2288 2367 2368 1000
2288 1949 2369 0001
2369 2368 2370 1000
1945 2428 2371 0110
2288 2371 2372 1000
2288 1941 2373 0001
2373 2372 2374 1000
2198 2428 2375 0110
2288 2375 2376 1000
2288 2194 2377 0001
2377 2376 2378 1000
2211 2428 2379 0110
2288 2379 2380 1000
2288 2207 2381 0001
2381 2380 2382 1000
1937 2428 2383 0110
2288 2383 2384 1000
2288 1933 2385 0001
2385 2384 2386 1000
1929 2428 2387 0110
2288 2387 2388 1000
2288 1918 2389 0001
2389 2388 2390 1000
2230 2428 2391 0110
2288 2391 2392 1000
2288 2226 2393 0001
2393 2392 2394 1000
2242 2428 2395 0110
2288 2395 2396 1000
2288 2238 2397 0001
2397 2396 2398 1000
2253 2428 2399 0110
2288 2399 2400 1000
2288 2249 2401 0001
2401 2400 2402 1000
2265 2428 2403 0110
2288 2403 2404 1000
2288 2261 2405 0001
2405 2404 2406 1000
2277 2428 2407 0110
2288 2407 2408 1000
2288 2273 2409 0001
2409 2408 2410 1000
1906 1082 2411 0001
2411 2428 2412 0110
2288 1926 2413 1000
2288 1915 2414 0001
2414 2413 2415 1000
1915 696 2416 1000
2416 2428 2417 0110
2415 685 2418 1000
2418 2289 2419 1000
2419 2417 2420 0001
1926 2428 2421 0110
2421 1524 2422 1000
2422 2428 2423 0110
2415 1513 2424 1000
2424 2288 2425 1000
2425 2423 2426 0001
2426 2420 2427 1000
