# first row is comment
4618 16 5130
P0 32
0
1
2
3
4
5
6
7
8
9
10
11
12
13
14
15
16
17
18
19
20
21
22
23
24
25
26
27
28
29
30
31
P1 32
32
33
34
35
36
37
38
39
40
41
42
43
44
45
46
47
48
49
50
51
52
53
54
55
56
57
58
59
60
61
62
63
P2 32
64
65
66
67
68
69
70
71
72
73
74
75
76
77
78
79
80
81
82
83
84
85
86
87
88
89
90
91
92
93
94
95
P3 32
96
97
98
99
100
101
102
103
104
105
106
107
108
109
110
111
112
113
114
115
116
117
118
119
120
121
122
123
124
125
126
127
P4 32
128
129
130
131
132
133
134
135
136
137
138
139
140
141
142
143
144
145
146
147
148
149
150
151
152
153
154
155
156
157
158
159
P5 32
160
161
162
163
164
165
166
167
168
169
170
171
172
173
174
175
176
177
178
179
180
181
182
183
184
185
186
187
188
189
190
191
P6 32
192
193
194
195
196
197
198
199
200
201
202
203
204
205
206
207
208
209
210
211
212
213
214
215
216
217
218
219
220
221
222
223
P7 32
224
225
226
227
228
229
230
231
232
233
234
235
236
237
238
239
240
241
242
243
244
245
246
247
248
249
250
251
252
253
254
255
P8 32
256
257
258
259
260
261
262
263
264
265
266
267
268
269
270
271
272
273
274
275
276
277
278
279
280
281
282
283
284
285
286
287
P9 32
288
289
290
291
292
293
294
295
296
297
298
299
300
301
302
303
304
305
306
307
308
309
310
311
312
313
314
315
316
317
318
319
P10 32
320
321
322
323
324
325
326
327
328
329
330
331
332
333
334
335
336
337
338
339
340
341
342
343
344
345
346
347
348
349
350
351
P11 32
352
353
354
355
356
357
358
359
360
361
362
363
364
365
366
367
368
369
370
371
372
373
374
375
376
377
378
379
380
381
382
383
P12 32
384
385
386
387
388
389
390
391
392
393
394
395
396
397
398
399
400
401
402
403
404
405
406
407
408
409
410
411
412
413
414
415
P13 32
416
417
418
419
420
421
422
423
424
425
426
427
428
429
430
431
432
433
434
435
436
437
438
439
440
441
442
443
444
445
446
447
P14 32
448
449
450
451
452
453
454
455
456
457
458
459
460
461
462
463
464
465
466
467
468
469
470
471
472
473
474
475
476
477
478
479
P15 32
480
481
482
483
484
485
486
487
488
489
490
491
492
493
494
495
496
497
498
499
500
501
502
503
504
505
506
507
508
509
510
511
Out 36
5128
5102
5088
4961
4966
4969
4972
4975
4979
4983
4987
4991
4995
4999
5003
5007
5011
5015
5019
5023
5027
5031
5035
5039
5043
5047
5051
5055
5059
5063
5067
5071
5075
5079
5083
5085
# list of gates
0 0 5129 1001
200 5129 512 0110
232 512 513 0001
199 5129 514 0110
231 514 515 0001
513 515 516 1000
516 5129 517 0110
231 5129 518 0110
518 199 519 0001
230 5129 520 0110
520 198 521 0001
519 521 522 1000
522 5129 523 0110
198 5129 524 0110
230 524 525 0001
197 5129 526 0110
229 526 527 0001
525 527 528 1000
528 5129 529 0110
229 5129 530 0110
530 197 531 0001
228 5129 532 0110
532 196 533 0001
531 533 534 1000
534 5129 535 0110
196 5129 536 0110
228 536 537 0001
195 5129 538 0110
227 538 539 0001
537 539 540 1000
540 5129 541 0110
226 5129 542 0110
542 194 543 0001
227 5129 544 0110
544 195 545 0001
543 545 546 1000
546 5129 547 0110
193 5129 548 0110
225 548 549 0001
194 5129 550 0110
226 550 551 0001
549 551 552 1000
224 5129 553 0110
553 192 554 0001
225 5129 555 0110
555 193 556 0001
554 556 557 1000
557 5129 558 0110
552 558 559 0001
547 559 560 1000
541 560 561 1000
535 561 562 1000
529 562 563 1000
523 563 564 1000
517 564 565 1000
232 5129 566 0110
566 200 567 0001
233 5129 568 0110
568 201 569 0001
569 567 570 1000
570 5129 571 0110
571 565 572 1000
201 5129 573 0110
233 573 574 0001
202 5129 575 0110
234 575 576 0001
576 574 577 1000
577 5129 578 0110
578 572 579 1000
234 5129 580 0110
580 202 581 0001
235 5129 582 0110
582 203 583 0001
583 581 584 1000
584 5129 585 0110
585 579 586 1000
203 5129 587 0110
235 587 588 0001
204 5129 589 0110
236 589 590 0001
590 588 591 1000
591 5129 592 0110
592 586 593 1000
236 5129 594 0110
594 204 595 0001
237 5129 596 0110
596 205 597 0001
597 595 598 1000
598 5129 599 0110
599 593 600 1000
205 5129 601 0110
237 601 602 0001
206 5129 603 0110
238 603 604 0001
604 602 605 1000
605 5129 606 0110
606 600 607 1000
238 5129 608 0110
608 206 609 0001
239 5129 610 0110
610 207 611 0001
611 609 612 1000
612 5129 613 0110
613 607 614 1000
207 5129 615 0110
239 615 616 0001
208 5129 617 0110
240 617 618 0001
618 616 619 1000
619 5129 620 0110
620 614 621 1000
240 5129 622 0110
622 208 623 0001
241 5129 624 0110
624 209 625 0001
625 623 626 1000
626 5129 627 0110
627 621 628 1000
209 5129 629 0110
241 629 630 0001
210 5129 631 0110
242 631 632 0001
632 630 633 1000
633 5129 634 0110
634 628 635 1000
242 5129 636 0110
636 210 637 0001
243 5129 638 0110
638 211 639 0001
639 637 640 1000
640 5129 641 0110
641 635 642 1000
211 5129 643 0110
243 643 644 0001
212 5129 645 0110
244 645 646 0001
646 644 647 1000
647 5129 648 0110
648 642 649 1000
244 5129 650 0110
650 212 651 0001
245 5129 652 0110
652 213 653 0001
653 651 654 1000
654 5129 655 0110
655 649 656 1000
213 5129 657 0110
245 657 658 0001
214 5129 659 0110
246 659 660 0001
660 658 661 1000
661 5129 662 0110
662 656 663 1000
246 5129 664 0110
664 214 665 0001
247 5129 666 0110
666 215 667 0001
667 665 668 1000
668 5129 669 0110
669 663 670 1000
215 5129 671 0110
247 671 672 0001
216 5129 673 0110
248 673 674 0001
674 672 675 1000
675 5129 676 0110
676 670 677 1000
248 5129 678 0110
678 216 679 0001
249 5129 680 0110
680 217 681 0001
681 679 682 1000
682 5129 683 0110
683 677 684 1000
217 5129 685 0110
249 685 686 0001
218 5129 687 0110
250 687 688 0001
688 686 689 1000
689 5129 690 0110
690 684 691 1000
250 5129 692 0110
692 218 693 0001
251 5129 694 0110
694 219 695 0001
695 693 696 1000
696 5129 697 0110
697 691 698 1000
219 5129 699 0110
251 699 700 0001
220 5129 701 0110
252 701 702 0001
702 700 703 1000
703 5129 704 0110
704 698 705 1000
252 5129 706 0110
706 220 707 0001
253 5129 708 0110
708 221 709 0001
709 707 710 1000
710 5129 711 0110
711 705 712 1000
221 5129 713 0110
253 713 714 0001
222 5129 715 0110
254 715 716 0001
716 714 717 1000
717 5129 718 0110
718 712 719 1000
254 5129 720 0110
720 222 721 0001
255 223 722 1000
161 5129 723 0110
723 129 724 0001
160 5129 725 0110
725 128 726 0001
726 724 727 1000
727 5129 728 0110
130 5129 729 0110
162 729 730 0001
129 5129 731 0110
161 731 732 0001
732 730 733 1000
733 728 734 0001
163 5129 735 0110
735 131 736 0001
162 5129 737 0110
737 130 738 0001
738 736 739 1000
739 5129 740 0110
740 734 741 1000
132 5129 742 0110
164 742 743 0001
131 5129 744 0110
163 744 745 0001
745 743 746 1000
746 5129 747 0110
747 741 748 1000
165 5129 749 0110
749 133 750 0001
164 5129 751 0110
751 132 752 0001
752 750 753 1000
753 5129 754 0110
754 748 755 1000
134 5129 756 0110
166 756 757 0001
133 5129 758 0110
165 758 759 0001
759 757 760 1000
760 5129 761 0110
761 755 762 1000
166 5129 763 0110
763 134 764 0001
167 5129 765 0110
765 135 766 0001
766 764 767 1000
767 5129 768 0110
768 762 769 1000
135 5129 770 0110
167 770 771 0001
136 5129 772 0110
168 772 773 0001
773 771 774 1000
774 5129 775 0110
775 769 776 1000
168 5129 777 0110
777 136 778 0001
169 5129 779 0110
779 137 780 0001
780 778 781 1000
781 5129 782 0110
782 776 783 1000
137 5129 784 0110
169 784 785 0001
138 5129 786 0110
170 786 787 0001
787 785 788 1000
788 5129 789 0110
789 783 790 1000
170 5129 791 0110
791 138 792 0001
171 5129 793 0110
793 139 794 0001
794 792 795 1000
795 5129 796 0110
796 790 797 1000
139 5129 798 0110
171 798 799 0001
140 5129 800 0110
172 800 801 0001
801 799 802 1000
802 5129 803 0110
803 797 804 1000
172 5129 805 0110
805 140 806 0001
173 5129 807 0110
807 141 808 0001
808 806 809 1000
809 5129 810 0110
810 804 811 1000
141 5129 812 0110
173 812 813 0001
142 5129 814 0110
174 814 815 0001
815 813 816 1000
816 5129 817 0110
817 811 818 1000
174 5129 819 0110
819 142 820 0001
175 5129 821 0110
821 143 822 0001
822 820 823 1000
823 5129 824 0110
824 818 825 1000
143 5129 826 0110
175 826 827 0001
144 5129 828 0110
176 828 829 0001
829 827 830 1000
830 5129 831 0110
831 825 832 1000
176 5129 833 0110
833 144 834 0001
177 5129 835 0110
835 145 836 0001
836 834 837 1000
837 5129 838 0110
838 832 839 1000
145 5129 840 0110
177 840 841 0001
146 5129 842 0110
178 842 843 0001
843 841 844 1000
844 5129 845 0110
845 839 846 1000
178 5129 847 0110
847 146 848 0001
179 5129 849 0110
849 147 850 0001
850 848 851 1000
851 5129 852 0110
852 846 853 1000
147 5129 854 0110
179 854 855 0001
148 5129 856 0110
180 856 857 0001
857 855 858 1000
858 5129 859 0110
859 853 860 1000
180 5129 861 0110
861 148 862 0001
181 5129 863 0110
863 149 864 0001
864 862 865 1000
865 5129 866 0110
866 860 867 1000
149 5129 868 0110
181 868 869 0001
150 5129 870 0110
182 870 871 0001
871 869 872 1000
872 5129 873 0110
873 867 874 1000
182 5129 875 0110
875 150 876 0001
183 5129 877 0110
877 151 878 0001
878 876 879 1000
879 5129 880 0110
880 874 881 1000
151 5129 882 0110
183 882 883 0001
152 5129 884 0110
184 884 885 0001
885 883 886 1000
886 5129 887 0110
887 881 888 1000
184 5129 889 0110
889 152 890 0001
185 5129 891 0110
891 153 892 0001
892 890 893 1000
893 5129 894 0110
894 888 895 1000
153 5129 896 0110
185 896 897 0001
154 5129 898 0110
186 898 899 0001
899 897 900 1000
900 5129 901 0110
901 895 902 1000
186 5129 903 0110
903 154 904 0001
187 5129 905 0110
905 155 906 0001
906 904 907 1000
907 5129 908 0110
908 902 909 1000
155 5129 910 0110
187 910 911 0001
156 5129 912 0110
188 912 913 0001
913 911 914 1000
914 5129 915 0110
915 909 916 1000
188 5129 917 0110
917 156 918 0001
189 5129 919 0110
919 157 920 0001
920 918 921 1000
921 5129 922 0110
922 916 923 1000
157 5129 924 0110
189 924 925 0001
158 5129 926 0110
190 926 927 0001
927 925 928 1000
928 5129 929 0110
929 923 930 1000
190 5129 931 0110
931 158 932 0001
191 159 933 1000
191 5129 934 0110
934 159 935 0001
935 932 936 1000
936 5129 937 0110
937 930 938 1000
159 5129 939 0110
191 939 940 0001
940 938 941 1000
941 158 942 0001
941 931 943 1000
943 942 944 1000
255 5129 945 0110
945 223 946 0001
946 721 947 1000
947 5129 948 0110
948 719 949 1000
223 5129 950 0110
255 950 951 0001
951 949 952 1000
952 222 953 0001
952 720 954 1000
954 953 955 1000
955 5129 956 0110
956 944 957 0001
941 156 958 0001
941 917 959 1000
959 958 960 1000
960 5129 961 0110
952 220 962 0001
952 706 963 1000
963 962 964 1000
964 961 965 0001
941 155 966 0001
941 905 967 1000
967 966 968 1000
952 219 969 0001
952 694 970 1000
970 969 971 1000
971 5129 972 0110
972 968 973 0001
941 152 974 0001
941 889 975 1000
975 974 976 1000
952 216 977 0001
952 678 978 1000
978 977 979 1000
979 5129 980 0110
980 976 981 0001
941 151 982 0001
941 877 983 1000
983 982 984 1000
984 5129 985 0110
952 215 986 0001
952 666 987 1000
987 986 988 1000
988 985 989 0001
941 146 990 0001
941 847 991 1000
991 990 992 1000
992 5129 993 0110
952 210 994 0001
952 636 995 1000
995 994 996 1000
996 993 997 0001
941 145 998 0001
941 835 999 1000
999 998 1000 1000
952 209 1001 0001
952 624 1002 1000
1002 1001 1003 1000
1003 5129 1004 0110
1004 1000 1005 0001
941 139 1006 0001
941 793 1007 1000
1007 1006 1008 1000
1008 5129 1009 0110
952 203 1010 0001
952 582 1011 1000
1011 1010 1012 1000
1012 1009 1013 0001
941 138 1014 0001
941 791 1015 1000
1015 1014 1016 1000
952 202 1017 0001
952 580 1018 1000
1018 1017 1019 1000
1019 5129 1020 0110
1020 1016 1021 0001
941 134 1022 0001
941 763 1023 1000
1023 1022 1024 1000
1024 5129 1025 0110
952 198 1026 0001
952 520 1027 1000
1027 1026 1028 1000
1028 1025 1029 0001
941 758 1030 0001
941 165 1031 1000
1031 1030 1032 1000
952 197 1033 0001
952 530 1034 1000
1034 1033 1035 1000
1035 1032 1036 1000
941 130 1037 0001
941 737 1038 1000
1038 1037 1039 1000
952 194 1040 0001
952 542 1041 1000
1041 1040 1042 1000
1042 5129 1043 0110
1043 1039 1044 0001
1044 5129 1045 0110
941 129 1046 0001
941 723 1047 1000
1047 1046 1048 1000
952 193 1049 0001
952 555 1050 1000
1050 1049 1051 1000
1051 5129 1052 0110
1052 1048 1053 0001
1048 5129 1054 0110
1051 1054 1055 0001
128 5129 1056 0110
941 1056 1057 0001
941 160 1058 1000
1058 1057 1059 1000
952 192 1060 0001
952 553 1061 1000
1061 1060 1062 1000
1062 1059 1063 0001
1063 1055 1064 1000
1064 1053 1065 1000
1065 1045 1066 0001
941 131 1067 0001
941 735 1068 1000
1068 1067 1069 1000
1069 5129 1070 0110
952 195 1071 0001
952 544 1072 1000
1072 1071 1073 1000
1073 1070 1074 0001
1039 5129 1075 0110
1042 1075 1076 0001
1076 1074 1077 1000
1077 5129 1078 0110
1078 1066 1079 1000
941 132 1080 0001
941 751 1081 1000
1081 1080 1082 1000
952 196 1083 0001
952 532 1084 1000
1084 1083 1085 1000
1085 5129 1086 0110
1086 1082 1087 0001
1073 5129 1088 0110
1088 1069 1089 0001
1089 1087 1090 1000
1090 5129 1091 0110
1091 1079 1092 1000
1082 5129 1093 0110
1085 1093 1094 0001
1035 1032 1095 0001
1095 1094 1096 1000
1096 5129 1097 0110
1097 1092 1098 1000
1098 1036 1099 1000
1099 1029 1100 1000
1028 5129 1101 0110
1101 1024 1102 0001
941 135 1103 0001
941 765 1104 1000
1104 1103 1105 1000
952 199 1106 0001
952 518 1107 1000
1107 1106 1108 1000
1108 5129 1109 0110
1109 1105 1110 0001
1110 1102 1111 1000
1111 5129 1112 0110
1112 1100 1113 1000
1105 5129 1114 0110
1108 1114 1115 0001
941 136 1116 0001
941 777 1117 1000
1117 1116 1118 1000
1118 5129 1119 0110
952 200 1120 0001
952 566 1121 1000
1121 1120 1122 1000
1122 1119 1123 0001
1123 1115 1124 1000
1124 5129 1125 0110
1125 1113 1126 1000
1122 5129 1127 0110
1127 1118 1128 0001
941 137 1129 0001
941 779 1130 1000
1130 1129 1131 1000
952 201 1132 0001
952 568 1133 1000
1133 1132 1134 1000
1134 5129 1135 0110
1135 1131 1136 0001
1136 1128 1137 1000
1137 5129 1138 0110
1138 1126 1139 1000
1131 5129 1140 0110
1134 1140 1141 0001
1016 5129 1142 0110
1019 1142 1143 0001
1143 1141 1144 1000
1144 5129 1145 0110
1145 1139 1146 1000
1146 1021 1147 1000
1147 1013 1148 1000
941 140 1149 0001
941 805 1150 1000
1150 1149 1151 1000
952 204 1152 0001
952 594 1153 1000
1153 1152 1154 1000
1154 5129 1155 0110
1155 1151 1156 0001
1012 5129 1157 0110
1157 1008 1158 0001
1158 1156 1159 1000
1159 5129 1160 0110
1160 1148 1161 1000
941 141 1162 0001
941 807 1163 1000
1163 1162 1164 1000
1164 5129 1165 0110
952 205 1166 0001
952 596 1167 1000
1167 1166 1168 1000
1168 1165 1169 0001
1151 5129 1170 0110
1154 1170 1171 0001
1171 1169 1172 1000
1172 5129 1173 0110
1173 1161 1174 1000
1168 5129 1175 0110
1175 1164 1176 0001
941 142 1177 0001
941 819 1178 1000
1178 1177 1179 1000
952 206 1180 0001
952 608 1181 1000
1181 1180 1182 1000
1182 5129 1183 0110
1183 1179 1184 0001
1184 1176 1185 1000
1185 5129 1186 0110
1186 1174 1187 1000
1179 5129 1188 0110
1182 1188 1189 0001
941 143 1190 0001
941 821 1191 1000
1191 1190 1192 1000
1192 5129 1193 0110
952 207 1194 0001
952 610 1195 1000
1195 1194 1196 1000
1196 1193 1197 0001
1197 1189 1198 1000
1198 5129 1199 0110
1199 1187 1200 1000
1196 5129 1201 0110
1201 1192 1202 0001
941 144 1203 0001
941 833 1204 1000
1204 1203 1205 1000
952 208 1206 0001
952 622 1207 1000
1207 1206 1208 1000
1208 5129 1209 0110
1209 1205 1210 0001
1210 1202 1211 1000
1211 5129 1212 0110
1212 1200 1213 1000
1205 5129 1214 0110
1208 1214 1215 0001
1000 5129 1216 0110
1003 1216 1217 0001
1217 1215 1218 1000
1218 5129 1219 0110
1219 1213 1220 1000
1220 1005 1221 1000
1221 997 1222 1000
941 147 1223 0001
941 849 1224 1000
1224 1223 1225 1000
952 211 1226 0001
952 638 1227 1000
1227 1226 1228 1000
1228 5129 1229 0110
1229 1225 1230 0001
996 5129 1231 0110
1231 992 1232 0001
1232 1230 1233 1000
1233 5129 1234 0110
1234 1222 1235 1000
941 148 1236 0001
941 861 1237 1000
1237 1236 1238 1000
1238 5129 1239 0110
952 212 1240 0001
952 650 1241 1000
1241 1240 1242 1000
1242 1239 1243 0001
1225 5129 1244 0110
1228 1244 1245 0001
1245 1243 1246 1000
1246 5129 1247 0110
1247 1235 1248 1000
1242 5129 1249 0110
1249 1238 1250 0001
941 149 1251 0001
941 863 1252 1000
1252 1251 1253 1000
952 213 1254 0001
952 652 1255 1000
1255 1254 1256 1000
1256 5129 1257 0110
1257 1253 1258 0001
1258 1250 1259 1000
1259 5129 1260 0110
1260 1248 1261 1000
1253 5129 1262 0110
1256 1262 1263 0001
941 150 1264 0001
941 875 1265 1000
1265 1264 1266 1000
1266 5129 1267 0110
952 214 1268 0001
952 664 1269 1000
1269 1268 1270 1000
1270 1267 1271 0001
1271 1263 1272 1000
1272 5129 1273 0110
1273 1261 1274 1000
988 5129 1275 0110
1275 984 1276 0001
1270 5129 1277 0110
1277 1266 1278 0001
1278 1276 1279 1000
1279 5129 1280 0110
1280 1274 1281 1000
1281 989 1282 1000
1282 981 1283 1000
941 153 1284 0001
941 891 1285 1000
1285 1284 1286 1000
1286 5129 1287 0110
952 217 1288 0001
952 680 1289 1000
1289 1288 1290 1000
1290 1287 1291 0001
976 5129 1292 0110
979 1292 1293 0001
1293 1291 1294 1000
1294 5129 1295 0110
1295 1283 1296 1000
941 154 1297 0001
941 903 1298 1000
1298 1297 1299 1000
952 218 1300 0001
952 692 1301 1000
1301 1300 1302 1000
1302 5129 1303 0110
1303 1299 1304 0001
1290 5129 1305 0110
1305 1286 1306 0001
1306 1304 1307 1000
1307 5129 1308 0110
1308 1296 1309 1000
1299 5129 1310 0110
1302 1310 1311 0001
968 5129 1312 0110
971 1312 1313 0001
1313 1311 1314 1000
1314 5129 1315 0110
1315 1309 1316 1000
1316 973 1317 1000
1317 965 1318 1000
964 5129 1319 0110
1319 960 1320 0001
941 157 1321 0001
941 919 1322 1000
1322 1321 1323 1000
952 221 1324 0001
952 708 1325 1000
1325 1324 1326 1000
1326 5129 1327 0110
1327 1323 1328 0001
1328 1320 1329 1000
1329 5129 1330 0110
1330 1318 1331 1000
1323 5129 1332 0110
1326 1332 1333 0001
944 5129 1334 0110
955 1334 1335 0001
1335 1333 1336 1000
1336 5129 1337 0110
1337 1331 1338 1000
1338 957 1339 1000
933 722 1340 0001
97 5129 1341 0110
1341 65 1342 0001
96 5129 1343 0110
1343 64 1344 0001
1344 1342 1345 1000
1345 5129 1346 0110
66 5129 1347 0110
98 1347 1348 0001
65 5129 1349 0110
97 1349 1350 0001
1350 1348 1351 1000
1351 1346 1352 0001
99 5129 1353 0110
1353 67 1354 0001
98 5129 1355 0110
1355 66 1356 0001
1356 1354 1357 1000
1357 5129 1358 0110
1358 1352 1359 1000
67 5129 1360 0110
99 1360 1361 0001
68 5129 1362 0110
100 1362 1363 0001
1363 1361 1364 1000
1364 5129 1365 0110
1365 1359 1366 1000
101 5129 1367 0110
1367 69 1368 0001
100 5129 1369 0110
1369 68 1370 0001
1370 1368 1371 1000
1371 5129 1372 0110
1372 1366 1373 1000
69 5129 1374 0110
101 1374 1375 0001
70 5129 1376 0110
102 1376 1377 0001
1377 1375 1378 1000
1378 5129 1379 0110
1379 1373 1380 1000
103 5129 1381 0110
1381 71 1382 0001
102 5129 1383 0110
1383 70 1384 0001
1384 1382 1385 1000
1385 5129 1386 0110
1386 1380 1387 1000
71 5129 1388 0110
103 1388 1389 0001
72 5129 1390 0110
104 1390 1391 0001
1391 1389 1392 1000
1392 5129 1393 0110
1393 1387 1394 1000
104 5129 1395 0110
1395 72 1396 0001
105 5129 1397 0110
1397 73 1398 0001
1398 1396 1399 1000
1399 5129 1400 0110
1400 1394 1401 1000
73 5129 1402 0110
105 1402 1403 0001
74 5129 1404 0110
106 1404 1405 0001
1405 1403 1406 1000
1406 5129 1407 0110
1407 1401 1408 1000
106 5129 1409 0110
1409 74 1410 0001
107 5129 1411 0110
1411 75 1412 0001
1412 1410 1413 1000
1413 5129 1414 0110
1414 1408 1415 1000
75 5129 1416 0110
107 1416 1417 0001
76 5129 1418 0110
108 1418 1419 0001
1419 1417 1420 1000
1420 5129 1421 0110
1421 1415 1422 1000
108 5129 1423 0110
1423 76 1424 0001
109 5129 1425 0110
1425 77 1426 0001
1426 1424 1427 1000
1427 5129 1428 0110
1428 1422 1429 1000
77 5129 1430 0110
109 1430 1431 0001
78 5129 1432 0110
110 1432 1433 0001
1433 1431 1434 1000
1434 5129 1435 0110
1435 1429 1436 1000
110 5129 1437 0110
1437 78 1438 0001
111 5129 1439 0110
1439 79 1440 0001
1440 1438 1441 1000
1441 5129 1442 0110
1442 1436 1443 1000
79 5129 1444 0110
111 1444 1445 0001
80 5129 1446 0110
112 1446 1447 0001
1447 1445 1448 1000
1448 5129 1449 0110
1449 1443 1450 1000
112 5129 1451 0110
1451 80 1452 0001
113 5129 1453 0110
1453 81 1454 0001
1454 1452 1455 1000
1455 5129 1456 0110
1456 1450 1457 1000
81 5129 1458 0110
113 1458 1459 0001
82 5129 1460 0110
114 1460 1461 0001
1461 1459 1462 1000
1462 5129 1463 0110
1463 1457 1464 1000
114 5129 1465 0110
1465 82 1466 0001
115 5129 1467 0110
1467 83 1468 0001
1468 1466 1469 1000
1469 5129 1470 0110
1470 1464 1471 1000
83 5129 1472 0110
115 1472 1473 0001
84 5129 1474 0110
116 1474 1475 0001
1475 1473 1476 1000
1476 5129 1477 0110
1477 1471 1478 1000
116 5129 1479 0110
1479 84 1480 0001
117 5129 1481 0110
1481 85 1482 0001
1482 1480 1483 1000
1483 5129 1484 0110
1484 1478 1485 1000
85 5129 1486 0110
117 1486 1487 0001
86 5129 1488 0110
118 1488 1489 0001
1489 1487 1490 1000
1490 5129 1491 0110
1491 1485 1492 1000
118 5129 1493 0110
1493 86 1494 0001
119 5129 1495 0110
1495 87 1496 0001
1496 1494 1497 1000
1497 5129 1498 0110
1498 1492 1499 1000
87 5129 1500 0110
119 1500 1501 0001
88 5129 1502 0110
120 1502 1503 0001
1503 1501 1504 1000
1504 5129 1505 0110
1505 1499 1506 1000
120 5129 1507 0110
1507 88 1508 0001
121 5129 1509 0110
1509 89 1510 0001
1510 1508 1511 1000
1511 5129 1512 0110
1512 1506 1513 1000
89 5129 1514 0110
121 1514 1515 0001
90 5129 1516 0110
122 1516 1517 0001
1517 1515 1518 1000
1518 5129 1519 0110
1519 1513 1520 1000
122 5129 1521 0110
1521 90 1522 0001
123 5129 1523 0110
1523 91 1524 0001
1524 1522 1525 1000
1525 5129 1526 0110
1526 1520 1527 1000
91 5129 1528 0110
123 1528 1529 0001
92 5129 1530 0110
124 1530 1531 0001
1531 1529 1532 1000
1532 5129 1533 0110
1533 1527 1534 1000
124 5129 1535 0110
1535 92 1536 0001
125 5129 1537 0110
1537 93 1538 0001
1538 1536 1539 1000
1539 5129 1540 0110
1540 1534 1541 1000
93 5129 1542 0110
125 1542 1543 0001
94 5129 1544 0110
126 1544 1545 0001
1545 1543 1546 1000
1546 5129 1547 0110
1547 1541 1548 1000
126 5129 1549 0110
1549 94 1550 0001
127 95 1551 1000
33 5129 1552 0110
1552 1 1553 0001
32 5129 1554 0110
1554 0 1555 0001
1555 1553 1556 1000
1556 5129 1557 0110
2 5129 1558 0110
34 1558 1559 0001
1 5129 1560 0110
33 1560 1561 0001
1561 1559 1562 1000
1562 1557 1563 0001
35 5129 1564 0110
1564 3 1565 0001
34 5129 1566 0110
1566 2 1567 0001
1567 1565 1568 1000
1568 5129 1569 0110
1569 1563 1570 1000
3 5129 1571 0110
35 1571 1572 0001
4 5129 1573 0110
36 1573 1574 0001
1574 1572 1575 1000
1575 5129 1576 0110
1576 1570 1577 1000
36 5129 1578 0110
1578 4 1579 0001
37 5129 1580 0110
1580 5 1581 0001
1581 1579 1582 1000
1582 5129 1583 0110
1583 1577 1584 1000
5 5129 1585 0110
37 1585 1586 0001
6 5129 1587 0110
38 1587 1588 0001
1588 1586 1589 1000
1589 5129 1590 0110
1590 1584 1591 1000
38 5129 1592 0110
1592 6 1593 0001
39 5129 1594 0110
1594 7 1595 0001
1595 1593 1596 1000
1596 5129 1597 0110
1597 1591 1598 1000
7 5129 1599 0110
39 1599 1600 0001
8 5129 1601 0110
40 1601 1602 0001
1602 1600 1603 1000
1603 5129 1604 0110
1604 1598 1605 1000
40 5129 1606 0110
1606 8 1607 0001
41 5129 1608 0110
1608 9 1609 0001
1609 1607 1610 1000
1610 5129 1611 0110
1611 1605 1612 1000
9 5129 1613 0110
41 1613 1614 0001
10 5129 1615 0110
42 1615 1616 0001
1616 1614 1617 1000
1617 5129 1618 0110
1618 1612 1619 1000
42 5129 1620 0110
1620 10 1621 0001
43 5129 1622 0110
1622 11 1623 0001
1623 1621 1624 1000
1624 5129 1625 0110
1625 1619 1626 1000
11 5129 1627 0110
43 1627 1628 0001
12 5129 1629 0110
44 1629 1630 0001
1630 1628 1631 1000
1631 5129 1632 0110
1632 1626 1633 1000
44 5129 1634 0110
1634 12 1635 0001
45 5129 1636 0110
1636 13 1637 0001
1637 1635 1638 1000
1638 5129 1639 0110
1639 1633 1640 1000
13 5129 1641 0110
45 1641 1642 0001
14 5129 1643 0110
46 1643 1644 0001
1644 1642 1645 1000
1645 5129 1646 0110
1646 1640 1647 1000
46 5129 1648 0110
1648 14 1649 0001
47 5129 1650 0110
1650 15 1651 0001
1651 1649 1652 1000
1652 5129 1653 0110
1653 1647 1654 1000
15 5129 1655 0110
47 1655 1656 0001
16 5129 1657 0110
48 1657 1658 0001
1658 1656 1659 1000
1659 5129 1660 0110
1660 1654 1661 1000
48 5129 1662 0110
1662 16 1663 0001
49 5129 1664 0110
1664 17 1665 0001
1665 1663 1666 1000
1666 5129 1667 0110
1667 1661 1668 1000
17 5129 1669 0110
49 1669 1670 0001
18 5129 1671 0110
50 1671 1672 0001
1672 1670 1673 1000
1673 5129 1674 0110
1674 1668 1675 1000
50 5129 1676 0110
1676 18 1677 0001
51 5129 1678 0110
1678 19 1679 0001
1679 1677 1680 1000
1680 5129 1681 0110
1681 1675 1682 1000
19 5129 1683 0110
51 1683 1684 0001
20 5129 1685 0110
52 1685 1686 0001
1686 1684 1687 1000
1687 5129 1688 0110
1688 1682 1689 1000
52 5129 1690 0110
1690 20 1691 0001
53 5129 1692 0110
1692 21 1693 0001
1693 1691 1694 1000
1694 5129 1695 0110
1695 1689 1696 1000
21 5129 1697 0110
53 1697 1698 0001
22 5129 1699 0110
54 1699 1700 0001
1700 1698 1701 1000
1701 5129 1702 0110
1702 1696 1703 1000
54 5129 1704 0110
1704 22 1705 0001
55 5129 1706 0110
1706 23 1707 0001
1707 1705 1708 1000
1708 5129 1709 0110
1709 1703 1710 1000
23 5129 1711 0110
55 1711 1712 0001
24 5129 1713 0110
56 1713 1714 0001
1714 1712 1715 1000
1715 5129 1716 0110
1716 1710 1717 1000
56 5129 1718 0110
1718 24 1719 0001
57 5129 1720 0110
1720 25 1721 0001
1721 1719 1722 1000
1722 5129 1723 0110
1723 1717 1724 1000
25 5129 1725 0110
57 1725 1726 0001
26 5129 1727 0110
58 1727 1728 0001
1728 1726 1729 1000
1729 5129 1730 0110
1730 1724 1731 1000
58 5129 1732 0110
1732 26 1733 0001
59 5129 1734 0110
1734 27 1735 0001
1735 1733 1736 1000
1736 5129 1737 0110
1737 1731 1738 1000
27 5129 1739 0110
59 1739 1740 0001
28 5129 1741 0110
60 1741 1742 0001
1742 1740 1743 1000
1743 5129 1744 0110
1744 1738 1745 1000
60 5129 1746 0110
1746 28 1747 0001
61 5129 1748 0110
1748 29 1749 0001
1749 1747 1750 1000
1750 5129 1751 0110
1751 1745 1752 1000
29 5129 1753 0110
61 1753 1754 0001
30 5129 1755 0110
62 1755 1756 0001
1756 1754 1757 1000
1757 5129 1758 0110
1758 1752 1759 1000
62 5129 1760 0110
1760 30 1761 0001
63 31 1762 1000
63 5129 1763 0110
1763 31 1764 0001
1764 1761 1765 1000
1765 5129 1766 0110
1766 1759 1767 1000
31 5129 1768 0110
63 1768 1769 0001
1769 1767 1770 1000
1770 26 1771 0001
1770 1732 1772 1000
1772 1771 1773 1000
127 5129 1774 0110
1774 95 1775 0001
1775 1550 1776 1000
1776 5129 1777 0110
1777 1548 1778 1000
95 5129 1779 0110
127 1779 1780 0001
1780 1778 1781 1000
1781 90 1782 0001
1781 1521 1783 1000
1783 1782 1784 1000
1784 5129 1785 0110
1785 1773 1786 0001
1770 25 1787 0001
1770 1720 1788 1000
1788 1787 1789 1000
1789 5129 1790 0110
1781 89 1791 0001
1781 1509 1792 1000
1792 1791 1793 1000
1793 1790 1794 0001
1770 22 1795 0001
1770 1704 1796 1000
1796 1795 1797 1000
1797 5129 1798 0110
1781 86 1799 0001
1781 1493 1800 1000
1800 1799 1801 1000
1801 1798 1802 0001
1770 21 1803 0001
1770 1692 1804 1000
1804 1803 1805 1000
1781 85 1806 0001
1781 1481 1807 1000
1807 1806 1808 1000
1808 5129 1809 0110
1809 1805 1810 0001
1770 18 1811 0001
1770 1676 1812 1000
1812 1811 1813 1000
1781 82 1814 0001
1781 1465 1815 1000
1815 1814 1816 1000
1816 5129 1817 0110
1817 1813 1818 0001
1770 17 1819 0001
1770 1664 1820 1000
1820 1819 1821 1000
1821 5129 1822 0110
1781 81 1823 0001
1781 1453 1824 1000
1824 1823 1825 1000
1825 1822 1826 0001
1770 12 1827 0001
1770 1634 1828 1000
1828 1827 1829 1000
1829 5129 1830 0110
1781 76 1831 0001
1781 1423 1832 1000
1832 1831 1833 1000
1833 1830 1834 0001
1770 11 1835 0001
1770 1622 1836 1000
1836 1835 1837 1000
1781 75 1838 0001
1781 1411 1839 1000
1839 1838 1840 1000
1840 5129 1841 0110
1841 1837 1842 0001
1770 9 1843 0001
1770 1608 1844 1000
1844 1843 1845 1000
1845 5129 1846 0110
1781 73 1847 0001
1781 1397 1848 1000
1848 1847 1849 1000
1849 1846 1850 0001
1770 8 1851 0001
1770 1606 1852 1000
1852 1851 1853 1000
1781 72 1854 0001
1781 1395 1855 1000
1855 1854 1856 1000
1856 5129 1857 0110
1857 1853 1858 0001
1770 2 1859 0001
1770 1566 1860 1000
1860 1859 1861 1000
1781 1347 1862 0001
1781 98 1863 1000
1863 1862 1864 1000
1864 1861 1865 1000
1770 1 1866 0001
1770 1552 1867 1000
1867 1866 1868 1000
1781 65 1869 0001
1781 1341 1870 1000
1870 1869 1871 1000
1871 5129 1872 0110
1872 1868 1873 0001
0 5129 1874 0110
1770 1874 1875 0001
1770 32 1876 1000
1876 1875 1877 1000
1781 64 1878 0001
1781 1343 1879 1000
1879 1878 1880 1000
1880 1877 1881 0001
1868 5129 1882 0110
1871 1882 1883 0001
1883 1881 1884 1000
1884 1873 1885 1000
1885 1865 1886 1000
1864 1861 1887 0001
1770 3 1888 0001
1770 1564 1889 1000
1889 1888 1890 1000
1781 1360 1891 0001
1781 99 1892 1000
1892 1891 1893 1000
1893 1890 1894 0001
1894 1887 1895 1000
1895 5129 1896 0110
1896 1886 1897 1000
1893 1890 1898 1000
1770 4 1899 0001
1770 1578 1900 1000
1900 1899 1901 1000
1901 5129 1902 0110
1781 68 1903 0001
1781 1369 1904 1000
1904 1903 1905 1000
1905 1902 1906 0001
1906 1898 1907 1000
1907 5129 1908 0110
1908 1897 1909 1000
1770 5 1910 0001
1770 1580 1911 1000
1911 1910 1912 1000
1781 69 1913 0001
1781 1367 1914 1000
1914 1913 1915 1000
1915 5129 1916 0110
1916 1912 1917 0001
1905 5129 1918 0110
1918 1901 1919 0001
1919 1917 1920 1000
1920 5129 1921 0110
1921 1909 1922 1000
1770 6 1923 0001
1770 1592 1924 1000
1924 1923 1925 1000
1925 5129 1926 0110
1781 70 1927 0001
1781 1383 1928 1000
1928 1927 1929 1000
1929 1926 1930 0001
1912 5129 1931 0110
1915 1931 1932 0001
1932 1930 1933 1000
1933 5129 1934 0110
1934 1922 1935 1000
1929 5129 1936 0110
1936 1925 1937 0001
1770 7 1938 0001
1770 1594 1939 1000
1939 1938 1940 1000
1781 71 1941 0001
1781 1381 1942 1000
1942 1941 1943 1000
1943 5129 1944 0110
1944 1940 1945 0001
1945 1937 1946 1000
1946 5129 1947 0110
1947 1935 1948 1000
1940 5129 1949 0110
1943 1949 1950 0001
1853 5129 1951 0110
1856 1951 1952 0001
1952 1950 1953 1000
1953 5129 1954 0110
1954 1948 1955 1000
1955 1858 1956 1000
1956 1850 1957 1000
1849 5129 1958 0110
1958 1845 1959 0001
1770 10 1960 0001
1770 1620 1961 1000
1961 1960 1962 1000
1781 74 1963 0001
1781 1409 1964 1000
1964 1963 1965 1000
1965 5129 1966 0110
1966 1962 1967 0001
1967 1959 1968 1000
1968 5129 1969 0110
1969 1957 1970 1000
1962 5129 1971 0110
1965 1971 1972 0001
1837 5129 1973 0110
1840 1973 1974 0001
1974 1972 1975 1000
1975 5129 1976 0110
1976 1970 1977 1000
1977 1842 1978 1000
1978 1834 1979 1000
1833 5129 1980 0110
1980 1829 1981 0001
1770 13 1982 0001
1770 1636 1983 1000
1983 1982 1984 1000
1781 77 1985 0001
1781 1425 1986 1000
1986 1985 1987 1000
1987 5129 1988 0110
1988 1984 1989 0001
1989 1981 1990 1000
1990 5129 1991 0110
1991 1979 1992 1000
1984 5129 1993 0110
1987 1993 1994 0001
1770 14 1995 0001
1770 1648 1996 1000
1996 1995 1997 1000
1997 5129 1998 0110
1781 78 1999 0001
1781 1437 2000 1000
2000 1999 2001 1000
2001 1998 2002 0001
2002 1994 2003 1000
2003 5129 2004 0110
2004 1992 2005 1000
2001 5129 2006 0110
2006 1997 2007 0001
1770 15 2008 0001
1770 1650 2009 1000
2009 2008 2010 1000
1781 79 2011 0001
1781 1439 2012 1000
2012 2011 2013 1000
2013 5129 2014 0110
2014 2010 2015 0001
2015 2007 2016 1000
2016 5129 2017 0110
2017 2005 2018 1000
2010 5129 2019 0110
2013 2019 2020 0001
1770 16 2021 0001
1770 1662 2022 1000
2022 2021 2023 1000
2023 5129 2024 0110
1781 80 2025 0001
1781 1451 2026 1000
2026 2025 2027 1000
2027 2024 2028 0001
2028 2020 2029 1000
2029 5129 2030 0110
2030 2018 2031 1000
1825 5129 2032 0110
2032 1821 2033 0001
2027 5129 2034 0110
2034 2023 2035 0001
2035 2033 2036 1000
2036 5129 2037 0110
2037 2031 2038 1000
2038 1826 2039 1000
2039 1818 2040 1000
1770 19 2041 0001
1770 1678 2042 1000
2042 2041 2043 1000
2043 5129 2044 0110
1781 83 2045 0001
1781 1467 2046 1000
2046 2045 2047 1000
2047 2044 2048 0001
1813 5129 2049 0110
1816 2049 2050 0001
2050 2048 2051 1000
2051 5129 2052 0110
2052 2040 2053 1000
2047 5129 2054 0110
2054 2043 2055 0001
1770 20 2056 0001
1770 1690 2057 1000
2057 2056 2058 1000
1781 84 2059 0001
1781 1479 2060 1000
2060 2059 2061 1000
2061 5129 2062 0110
2062 2058 2063 0001
2063 2055 2064 1000
2064 5129 2065 0110
2065 2053 2066 1000
2058 5129 2067 0110
2061 2067 2068 0001
1805 5129 2069 0110
1808 2069 2070 0001
2070 2068 2071 1000
2071 5129 2072 0110
2072 2066 2073 1000
2073 1810 2074 1000
2074 1802 2075 1000
1801 5129 2076 0110
2076 1797 2077 0001
1770 23 2078 0001
1770 1706 2079 1000
2079 2078 2080 1000
1781 87 2081 0001
1781 1495 2082 1000
2082 2081 2083 1000
2083 5129 2084 0110
2084 2080 2085 0001
2085 2077 2086 1000
2086 5129 2087 0110
2087 2075 2088 1000
2080 5129 2089 0110
2083 2089 2090 0001
1770 24 2091 0001
1770 1718 2092 1000
2092 2091 2093 1000
2093 5129 2094 0110
1781 88 2095 0001
1781 1507 2096 1000
2096 2095 2097 1000
2097 2094 2098 0001
2098 2090 2099 1000
2099 5129 2100 0110
2100 2088 2101 1000
1793 5129 2102 0110
2102 1789 2103 0001
2097 5129 2104 0110
2104 2093 2105 0001
2105 2103 2106 1000
2106 5129 2107 0110
2107 2101 2108 1000
2108 1794 2109 1000
2109 1786 2110 1000
1770 27 2111 0001
1770 1734 2112 1000
2112 2111 2113 1000
2113 5129 2114 0110
1781 91 2115 0001
1781 1523 2116 1000
2116 2115 2117 1000
2117 2114 2118 0001
1773 5129 2119 0110
1784 2119 2120 0001
2120 2118 2121 1000
2121 5129 2122 0110
2122 2110 2123 1000
2117 5129 2124 0110
2124 2113 2125 0001
1770 28 2126 0001
1770 1746 2127 1000
2127 2126 2128 1000
1781 92 2129 0001
1781 1535 2130 1000
2130 2129 2131 1000
2131 5129 2132 0110
2132 2128 2133 0001
2133 2125 2134 1000
2134 5129 2135 0110
2135 2123 2136 1000
2128 5129 2137 0110
2131 2137 2138 0001
1770 29 2139 0001
1770 1748 2140 1000
2140 2139 2141 1000
2141 5129 2142 0110
1781 93 2143 0001
1781 1537 2144 1000
2144 2143 2145 1000
2145 2142 2146 0001
2146 2138 2147 1000
2147 5129 2148 0110
2148 2136 2149 1000
1770 30 2150 0001
1770 1760 2151 1000
2151 2150 2152 1000
1781 94 2153 0001
1781 1549 2154 1000
2154 2153 2155 1000
2155 5129 2156 0110
2156 2152 2157 0001
2145 5129 2158 0110
2158 2141 2159 0001
2159 2157 2160 1000
2160 5129 2161 0110
2161 2149 2162 1000
2152 5129 2163 0110
2155 2163 2164 0001
1762 1551 2165 0001
1762 5129 2166 0110
2166 1551 2167 0001
2164 2167 2168 1000
2168 5129 2169 0110
2169 2162 2170 1000
1551 5129 2171 0110
1762 2171 2172 0001
2172 2170 2173 1000
2173 1790 2174 0001
2173 1793 2175 1000
2175 2174 2176 1000
2176 5129 2177 0110
933 5129 2178 0110
2178 722 2179 0001
1339 2179 2180 1000
2180 933 2181 1000
722 5129 2182 0110
2180 2182 2183 1000
2183 2181 2184 1000
2184 1286 2185 1000
2184 1305 2186 0001
2186 2185 2187 1000
2187 2177 2188 0001
2173 2094 2189 0001
2173 2097 2190 1000
2190 2189 2191 1000
2191 5129 2192 0110
2184 976 2193 1000
2184 980 2194 0001
2194 2193 2195 1000
2195 2192 2196 1000
2173 2069 2197 0001
2173 1808 2198 1000
2198 2197 2199 1000
2199 5129 2200 0110
2184 1253 2201 1000
2184 1257 2202 0001
2202 2201 2203 1000
2203 2200 2204 1000
2173 2067 2205 0001
2173 2061 2206 1000
2206 2205 2207 1000
2207 5129 2208 0110
2184 1238 2209 1000
2184 1249 2210 0001
2210 2209 2211 1000
2211 2208 2212 0001
2173 2019 2213 0001
2173 2013 2214 1000
2214 2213 2215 1000
2215 5129 2216 0110
2184 1192 2217 1000
2184 1201 2218 0001
2218 2217 2219 1000
2219 2216 2220 0001
2173 1998 2221 0001
2173 2001 2222 1000
2222 2221 2223 1000
2223 5129 2224 0110
2184 1179 2225 1000
2184 1183 2226 0001
2226 2225 2227 1000
2227 2224 2228 1000
2173 1830 2229 0001
2173 1833 2230 1000
2230 2229 2231 1000
2231 5129 2232 0110
2184 1151 2233 1000
2184 1155 2234 0001
2234 2233 2235 1000
2235 2232 2236 0001
2173 1973 2237 0001
2173 1840 2238 1000
2238 2237 2239 1000
2239 5129 2240 0110
2184 1008 2241 1000
2184 1157 2242 0001
2242 2241 2243 1000
2243 2240 2244 1000
2173 1846 2245 0001
2173 1849 2246 1000
2246 2245 2247 1000
2247 5129 2248 0110
2184 1131 2249 1000
2184 1135 2250 0001
2250 2249 2251 1000
2251 2248 2252 0001
2173 1951 2253 0001
2173 1856 2254 1000
2254 2253 2255 1000
2255 5129 2256 0110
2184 1118 2257 1000
2184 1127 2258 0001
2258 2257 2259 1000
2259 2256 2260 1000
2173 1926 2261 0001
2173 1929 2262 1000
2262 2261 2263 1000
2263 5129 2264 0110
2184 1024 2265 1000
2184 1101 2266 0001
2266 2265 2267 1000
2267 2264 2268 0001
2173 1931 2269 0001
2173 1915 2270 1000
2270 2269 2271 1000
2271 5129 2272 0110
1032 5129 2273 0110
2184 2273 2274 1000
1035 5129 2275 0110
2184 2275 2276 0001
2276 2274 2277 1000
2277 2272 2278 1000
2173 1882 2279 0001
2173 1871 2280 1000
2280 2279 2281 1000
2281 5129 2282 0110
2184 1048 2283 1000
2184 1052 2284 0001
2284 2283 2285 1000
2285 2282 2286 0001
1880 5129 2287 0110
2173 2287 2288 1000
1877 5129 2289 0110
2173 2289 2290 0001
2290 2288 2291 1000
1059 5129 2292 0110
2184 2292 2293 1000
1062 5129 2294 0110
2184 2294 2295 0001
2295 2293 2296 1000
2296 2291 2297 0001
2297 2286 2298 1000
2298 5129 2299 0110
1861 5129 2300 0110
2173 2300 2301 0001
1864 5129 2302 0110
2173 2302 2303 1000
2303 2301 2304 1000
2304 5129 2305 0110
2184 1039 2306 1000
2184 1043 2307 0001
2307 2306 2308 1000
2308 2305 2309 1000
2285 2282 2310 1000
2310 2309 2311 1000
2311 2299 2312 0001
2173 1893 2313 1000
2173 1890 2314 0001
2314 2313 2315 1000
2184 1069 2316 1000
2184 1088 2317 0001
2317 2316 2318 1000
2318 2315 2319 0001
2308 2305 2320 0001
2320 2319 2321 1000
2321 5129 2322 0110
2322 2312 2323 1000
2318 2315 2324 1000
2173 1902 2325 0001
2173 1905 2326 1000
2326 2325 2327 1000
2327 5129 2328 0110
2184 1082 2329 1000
2184 1086 2330 0001
2330 2329 2331 1000
2331 2328 2332 1000
2332 2324 2333 1000
2333 5129 2334 0110
2334 2323 2335 1000
2331 2328 2336 0001
2277 2272 2337 0001
2337 2336 2338 1000
2338 5129 2339 0110
2339 2335 2340 1000
2340 2278 2341 1000
2341 2268 2342 1000
2173 1949 2343 0001
2173 1943 2344 1000
2344 2343 2345 1000
2345 5129 2346 0110
2184 1105 2347 1000
2184 1109 2348 0001
2348 2347 2349 1000
2349 2346 2350 1000
2267 2264 2351 1000
2351 2350 2352 1000
2352 5129 2353 0110
2353 2342 2354 1000
2349 2346 2355 0001
2259 2256 2356 0001
2356 2355 2357 1000
2357 5129 2358 0110
2358 2354 2359 1000
2359 2260 2360 1000
2360 2252 2361 1000
2251 2248 2362 1000
2173 1971 2363 0001
2173 1965 2364 1000
2364 2363 2365 1000
2365 5129 2366 0110
2184 1016 2367 1000
2184 1020 2368 0001
2368 2367 2369 1000
2369 2366 2370 1000
2370 2362 2371 1000
2371 5129 2372 0110
2372 2361 2373 1000
2369 2366 2374 0001
2243 2240 2375 0001
2375 2374 2376 1000
2376 5129 2377 0110
2377 2373 2378 1000
2378 2244 2379 1000
2379 2236 2380 1000
2235 2232 2381 1000
2173 1993 2382 0001
2173 1987 2383 1000
2383 2382 2384 1000
2384 5129 2385 0110
2184 1164 2386 1000
2184 1175 2387 0001
2387 2386 2388 1000
2388 2385 2389 1000
2389 2381 2390 1000
2390 5129 2391 0110
2391 2380 2392 1000
2388 2385 2393 0001
2227 2224 2394 0001
2394 2393 2395 1000
2395 5129 2396 0110
2396 2392 2397 1000
2397 2228 2398 1000
2398 2220 2399 1000
2219 2216 2400 1000
2173 2024 2401 0001
2173 2027 2402 1000
2402 2401 2403 1000
2403 5129 2404 0110
2184 1205 2405 1000
2184 1209 2406 0001
2406 2405 2407 1000
2407 2404 2408 1000
2408 2400 2409 1000
2409 5129 2410 0110
2410 2399 2411 1000
2407 2404 2412 0001
2173 1822 2413 0001
2173 1825 2414 1000
2414 2413 2415 1000
2415 5129 2416 0110
2184 1000 2417 1000
2184 1004 2418 0001
2418 2417 2419 1000
2419 2416 2420 0001
2420 2412 2421 1000
2421 5129 2422 0110
2422 2411 2423 1000
2419 2416 2424 1000
2173 2049 2425 0001
2173 1816 2426 1000
2426 2425 2427 1000
2427 5129 2428 0110
2184 992 2429 1000
2184 1231 2430 0001
2430 2429 2431 1000
2431 2428 2432 1000
2432 2424 2433 1000
2433 5129 2434 0110
2434 2423 2435 1000
2431 2428 2436 0001
2173 2044 2437 0001
2173 2047 2438 1000
2438 2437 2439 1000
2439 5129 2440 0110
2184 1225 2441 1000
2184 1229 2442 0001
2442 2441 2443 1000
2443 2440 2444 0001
2444 2436 2445 1000
2445 5129 2446 0110
2446 2435 2447 1000
2211 2208 2448 1000
2443 2440 2449 1000
2449 2448 2450 1000
2450 5129 2451 0110
2451 2447 2452 1000
2452 2212 2453 1000
2453 2204 2454 1000
2173 1798 2455 0001
2173 1801 2456 1000
2456 2455 2457 1000
2457 5129 2458 0110
2184 1266 2459 1000
2184 1277 2460 0001
2460 2459 2461 1000
2461 2458 2462 0001
2203 2200 2463 0001
2463 2462 2464 1000
2464 5129 2465 0110
2465 2454 2466 1000
2461 2458 2467 1000
2173 2089 2468 0001
2173 2083 2469 1000
2469 2468 2470 1000
2470 5129 2471 0110
2184 984 2472 1000
2184 1275 2473 0001
2473 2472 2474 1000
2474 2471 2475 1000
2475 2467 2476 1000
2476 5129 2477 0110
2477 2466 2478 1000
2474 2471 2479 0001
2195 2192 2480 0001
2480 2479 2481 1000
2481 5129 2482 0110
2482 2478 2483 1000
2483 2196 2484 1000
2484 2188 2485 1000
2187 2177 2486 1000
2173 2119 2487 0001
2173 1784 2488 1000
2488 2487 2489 1000
2489 5129 2490 0110
2184 1299 2491 1000
2184 1303 2492 0001
2492 2491 2493 1000
2493 2490 2494 1000
2494 2486 2495 1000
2495 5129 2496 0110
2496 2485 2497 1000
2493 2490 2498 0001
2173 2114 2499 0001
2173 2117 2500 1000
2500 2499 2501 1000
2501 5129 2502 0110
2184 968 2503 1000
2184 972 2504 0001
2504 2503 2505 1000
2505 2502 2506 0001
2506 2498 2507 1000
2507 5129 2508 0110
2508 2497 2509 1000
2173 2137 2510 0001
2173 2131 2511 1000
2511 2510 2512 1000
2512 5129 2513 0110
2184 960 2514 1000
2184 1319 2515 0001
2515 2514 2516 1000
2516 2513 2517 1000
2505 2502 2518 1000
2518 2517 2519 1000
2519 5129 2520 0110
2520 2509 2521 1000
2173 2142 2522 0001
2173 2145 2523 1000
2523 2522 2524 1000
2524 5129 2525 0110
2184 1323 2526 1000
2184 1327 2527 0001
2527 2526 2528 1000
2528 2525 2529 0001
2516 2513 2530 0001
2530 2529 2531 1000
2531 5129 2532 0110
2532 2521 2533 1000
2173 2163 2534 0001
2173 2155 2535 1000
2535 2534 2536 1000
2536 5129 2537 0110
2184 944 2538 1000
2184 956 2539 0001
2539 2538 2540 1000
2540 2537 2541 1000
2528 2525 2542 1000
2542 2541 2543 1000
2543 5129 2544 0110
2544 2533 2545 1000
2540 2537 2546 0001
2165 1340 2547 0001
2547 5129 2548 0110
481 5129 2549 0110
2549 449 2550 0001
480 5129 2551 0110
2551 448 2552 0001
2552 2550 2553 1000
2553 5129 2554 0110
450 5129 2555 0110
482 2555 2556 0001
449 5129 2557 0110
481 2557 2558 0001
2558 2556 2559 1000
2559 2554 2560 0001
483 5129 2561 0110
2561 451 2562 0001
482 5129 2563 0110
2563 450 2564 0001
2564 2562 2565 1000
2565 5129 2566 0110
2566 2560 2567 1000
452 5129 2568 0110
484 2568 2569 0001
451 5129 2570 0110
483 2570 2571 0001
2571 2569 2572 1000
2572 5129 2573 0110
2573 2567 2574 1000
484 5129 2575 0110
2575 452 2576 0001
485 5129 2577 0110
2577 453 2578 0001
2578 2576 2579 1000
2579 5129 2580 0110
2580 2574 2581 1000
453 5129 2582 0110
485 2582 2583 0001
454 5129 2584 0110
486 2584 2585 0001
2585 2583 2586 1000
2586 5129 2587 0110
2587 2581 2588 1000
486 5129 2589 0110
2589 454 2590 0001
487 5129 2591 0110
2591 455 2592 0001
2592 2590 2593 1000
2593 5129 2594 0110
2594 2588 2595 1000
455 5129 2596 0110
487 2596 2597 0001
456 5129 2598 0110
488 2598 2599 0001
2599 2597 2600 1000
2600 5129 2601 0110
2601 2595 2602 1000
488 5129 2603 0110
2603 456 2604 0001
489 5129 2605 0110
2605 457 2606 0001
2606 2604 2607 1000
2607 5129 2608 0110
2608 2602 2609 1000
457 5129 2610 0110
489 2610 2611 0001
458 5129 2612 0110
490 2612 2613 0001
2613 2611 2614 1000
2614 5129 2615 0110
2615 2609 2616 1000
490 5129 2617 0110
2617 458 2618 0001
491 5129 2619 0110
2619 459 2620 0001
2620 2618 2621 1000
2621 5129 2622 0110
2622 2616 2623 1000
459 5129 2624 0110
491 2624 2625 0001
460 5129 2626 0110
492 2626 2627 0001
2627 2625 2628 1000
2628 5129 2629 0110
2629 2623 2630 1000
492 5129 2631 0110
2631 460 2632 0001
493 5129 2633 0110
2633 461 2634 0001
2634 2632 2635 1000
2635 5129 2636 0110
2636 2630 2637 1000
461 5129 2638 0110
493 2638 2639 0001
462 5129 2640 0110
494 2640 2641 0001
2641 2639 2642 1000
2642 5129 2643 0110
2643 2637 2644 1000
494 5129 2645 0110
2645 462 2646 0001
495 5129 2647 0110
2647 463 2648 0001
2648 2646 2649 1000
2649 5129 2650 0110
2650 2644 2651 1000
463 5129 2652 0110
495 2652 2653 0001
464 5129 2654 0110
496 2654 2655 0001
2655 2653 2656 1000
2656 5129 2657 0110
2657 2651 2658 1000
496 5129 2659 0110
2659 464 2660 0001
497 5129 2661 0110
2661 465 2662 0001
2662 2660 2663 1000
2663 5129 2664 0110
2664 2658 2665 1000
465 5129 2666 0110
497 2666 2667 0001
466 5129 2668 0110
498 2668 2669 0001
2669 2667 2670 1000
2670 5129 2671 0110
2671 2665 2672 1000
498 5129 2673 0110
2673 466 2674 0001
499 5129 2675 0110
2675 467 2676 0001
2676 2674 2677 1000
2677 5129 2678 0110
2678 2672 2679 1000
467 5129 2680 0110
499 2680 2681 0001
468 5129 2682 0110
500 2682 2683 0001
2683 2681 2684 1000
2684 5129 2685 0110
2685 2679 2686 1000
500 5129 2687 0110
2687 468 2688 0001
501 5129 2689 0110
2689 469 2690 0001
2690 2688 2691 1000
2691 5129 2692 0110
2692 2686 2693 1000
469 5129 2694 0110
501 2694 2695 0001
470 5129 2696 0110
502 2696 2697 0001
2697 2695 2698 1000
2698 5129 2699 0110
2699 2693 2700 1000
502 5129 2701 0110
2701 470 2702 0001
503 5129 2703 0110
2703 471 2704 0001
2704 2702 2705 1000
2705 5129 2706 0110
2706 2700 2707 1000
471 5129 2708 0110
503 2708 2709 0001
472 5129 2710 0110
504 2710 2711 0001
2711 2709 2712 1000
2712 5129 2713 0110
2713 2707 2714 1000
504 5129 2715 0110
2715 472 2716 0001
505 5129 2717 0110
2717 473 2718 0001
2718 2716 2719 1000
2719 5129 2720 0110
2720 2714 2721 1000
473 5129 2722 0110
505 2722 2723 0001
474 5129 2724 0110
506 2724 2725 0001
2725 2723 2726 1000
2726 5129 2727 0110
2727 2721 2728 1000
506 5129 2729 0110
2729 474 2730 0001
507 5129 2731 0110
2731 475 2732 0001
2732 2730 2733 1000
2733 5129 2734 0110
2734 2728 2735 1000
475 5129 2736 0110
507 2736 2737 0001
476 5129 2738 0110
508 2738 2739 0001
2739 2737 2740 1000
2740 5129 2741 0110
2741 2735 2742 1000
508 5129 2743 0110
2743 476 2744 0001
509 5129 2745 0110
2745 477 2746 0001
2746 2744 2747 1000
2747 5129 2748 0110
2748 2742 2749 1000
477 5129 2750 0110
509 2750 2751 0001
478 5129 2752 0110
510 2752 2753 0001
2753 2751 2754 1000
2754 5129 2755 0110
2755 2749 2756 1000
510 5129 2757 0110
2757 478 2758 0001
511 479 2759 1000
417 5129 2760 0110
2760 385 2761 0001
416 5129 2762 0110
2762 384 2763 0001
2763 2761 2764 1000
2764 5129 2765 0110
386 5129 2766 0110
418 2766 2767 0001
385 5129 2768 0110
417 2768 2769 0001
2769 2767 2770 1000
2770 2765 2771 0001
418 5129 2772 0110
2772 386 2773 0001
419 5129 2774 0110
2774 387 2775 0001
2775 2773 2776 1000
2776 5129 2777 0110
2777 2771 2778 1000
387 5129 2779 0110
419 2779 2780 0001
388 5129 2781 0110
420 2781 2782 0001
2782 2780 2783 1000
2783 5129 2784 0110
2784 2778 2785 1000
420 5129 2786 0110
2786 388 2787 0001
421 5129 2788 0110
2788 389 2789 0001
2789 2787 2790 1000
2790 5129 2791 0110
2791 2785 2792 1000
389 5129 2793 0110
421 2793 2794 0001
390 5129 2795 0110
422 2795 2796 0001
2796 2794 2797 1000
2797 5129 2798 0110
2798 2792 2799 1000
422 5129 2800 0110
2800 390 2801 0001
423 5129 2802 0110
2802 391 2803 0001
2803 2801 2804 1000
2804 5129 2805 0110
2805 2799 2806 1000
391 5129 2807 0110
423 2807 2808 0001
392 5129 2809 0110
424 2809 2810 0001
2810 2808 2811 1000
2811 5129 2812 0110
2812 2806 2813 1000
424 5129 2814 0110
2814 392 2815 0001
425 5129 2816 0110
2816 393 2817 0001
2817 2815 2818 1000
2818 5129 2819 0110
2819 2813 2820 1000
393 5129 2821 0110
425 2821 2822 0001
394 5129 2823 0110
426 2823 2824 0001
2824 2822 2825 1000
2825 5129 2826 0110
2826 2820 2827 1000
426 5129 2828 0110
2828 394 2829 0001
427 5129 2830 0110
2830 395 2831 0001
2831 2829 2832 1000
2832 5129 2833 0110
2833 2827 2834 1000
395 5129 2835 0110
427 2835 2836 0001
396 5129 2837 0110
428 2837 2838 0001
2838 2836 2839 1000
2839 5129 2840 0110
2840 2834 2841 1000
428 5129 2842 0110
2842 396 2843 0001
429 5129 2844 0110
2844 397 2845 0001
2845 2843 2846 1000
2846 5129 2847 0110
2847 2841 2848 1000
397 5129 2849 0110
429 2849 2850 0001
398 5129 2851 0110
430 2851 2852 0001
2852 2850 2853 1000
2853 5129 2854 0110
2854 2848 2855 1000
430 5129 2856 0110
2856 398 2857 0001
431 5129 2858 0110
2858 399 2859 0001
2859 2857 2860 1000
2860 5129 2861 0110
2861 2855 2862 1000
399 5129 2863 0110
431 2863 2864 0001
400 5129 2865 0110
432 2865 2866 0001
2866 2864 2867 1000
2867 5129 2868 0110
2868 2862 2869 1000
432 5129 2870 0110
2870 400 2871 0001
433 5129 2872 0110
2872 401 2873 0001
2873 2871 2874 1000
2874 5129 2875 0110
2875 2869 2876 1000
401 5129 2877 0110
433 2877 2878 0001
402 5129 2879 0110
434 2879 2880 0001
2880 2878 2881 1000
2881 5129 2882 0110
2882 2876 2883 1000
434 5129 2884 0110
2884 402 2885 0001
435 5129 2886 0110
2886 403 2887 0001
2887 2885 2888 1000
2888 5129 2889 0110
2889 2883 2890 1000
403 5129 2891 0110
435 2891 2892 0001
404 5129 2893 0110
436 2893 2894 0001
2894 2892 2895 1000
2895 5129 2896 0110
2896 2890 2897 1000
436 5129 2898 0110
2898 404 2899 0001
437 5129 2900 0110
2900 405 2901 0001
2901 2899 2902 1000
2902 5129 2903 0110
2903 2897 2904 1000
405 5129 2905 0110
437 2905 2906 0001
406 5129 2907 0110
438 2907 2908 0001
2908 2906 2909 1000
2909 5129 2910 0110
2910 2904 2911 1000
438 5129 2912 0110
2912 406 2913 0001
439 5129 2914 0110
2914 407 2915 0001
2915 2913 2916 1000
2916 5129 2917 0110
2917 2911 2918 1000
407 5129 2919 0110
439 2919 2920 0001
408 5129 2921 0110
440 2921 2922 0001
2922 2920 2923 1000
2923 5129 2924 0110
2924 2918 2925 1000
440 5129 2926 0110
2926 408 2927 0001
441 5129 2928 0110
2928 409 2929 0001
2929 2927 2930 1000
2930 5129 2931 0110
2931 2925 2932 1000
409 5129 2933 0110
441 2933 2934 0001
410 5129 2935 0110
442 2935 2936 0001
2936 2934 2937 1000
2937 5129 2938 0110
2938 2932 2939 1000
442 5129 2940 0110
2940 410 2941 0001
443 5129 2942 0110
2942 411 2943 0001
2943 2941 2944 1000
2944 5129 2945 0110
2945 2939 2946 1000
411 5129 2947 0110
443 2947 2948 0001
412 5129 2949 0110
444 2949 2950 0001
2950 2948 2951 1000
2951 5129 2952 0110
2952 2946 2953 1000
444 5129 2954 0110
2954 412 2955 0001
445 5129 2956 0110
2956 413 2957 0001
2957 2955 2958 1000
2958 5129 2959 0110
2959 2953 2960 1000
413 5129 2961 0110
445 2961 2962 0001
414 5129 2963 0110
446 2963 2964 0001
2964 2962 2965 1000
2965 5129 2966 0110
2966 2960 2967 1000
446 5129 2968 0110
2968 414 2969 0001
447 415 2970 1000
447 5129 2971 0110
2971 415 2972 0001
2972 2969 2973 1000
2973 5129 2974 0110
2974 2967 2975 1000
415 5129 2976 0110
447 2976 2977 0001
2977 2975 2978 1000
2978 414 2979 0001
2978 2968 2980 1000
2980 2979 2981 1000
511 5129 2982 0110
2982 479 2983 0001
2983 2758 2984 1000
2984 5129 2985 0110
2985 2756 2986 1000
479 5129 2987 0110
511 2987 2988 0001
2988 2986 2989 1000
2989 478 2990 0001
2989 2757 2991 1000
2991 2990 2992 1000
2992 5129 2993 0110
2993 2981 2994 0001
2978 412 2995 0001
2978 2954 2996 1000
2996 2995 2997 1000
2997 5129 2998 0110
2989 476 2999 0001
2989 2743 3000 1000
3000 2999 3001 1000
3001 2998 3002 0001
2978 411 3003 0001
2978 2942 3004 1000
3004 3003 3005 1000
2989 475 3006 0001
2989 2731 3007 1000
3007 3006 3008 1000
3008 5129 3009 0110
3009 3005 3010 0001
2978 409 3011 0001
2978 2928 3012 1000
3012 3011 3013 1000
3013 5129 3014 0110
2989 473 3015 0001
2989 2717 3016 1000
3016 3015 3017 1000
3017 3014 3018 0001
2978 408 3019 0001
2978 2926 3020 1000
3020 3019 3021 1000
2989 472 3022 0001
2989 2715 3023 1000
3023 3022 3024 1000
3024 5129 3025 0110
3025 3021 3026 0001
2978 406 3027 0001
2978 2912 3028 1000
3028 3027 3029 1000
3029 5129 3030 0110
2989 470 3031 0001
2989 2701 3032 1000
3032 3031 3033 1000
3033 3030 3034 0001
2978 405 3035 0001
2978 2900 3036 1000
3036 3035 3037 1000
2989 469 3038 0001
2989 2689 3039 1000
3039 3038 3040 1000
3040 5129 3041 0110
3041 3037 3042 0001
2978 402 3043 0001
2978 2884 3044 1000
3044 3043 3045 1000
2989 466 3046 0001
2989 2673 3047 1000
3047 3046 3048 1000
3048 5129 3049 0110
3049 3045 3050 0001
2978 401 3051 0001
2978 2872 3052 1000
3052 3051 3053 1000
3053 5129 3054 0110
2989 465 3055 0001
2989 2661 3056 1000
3056 3055 3057 1000
3057 3054 3058 0001
2978 398 3059 0001
2978 2856 3060 1000
3060 3059 3061 1000
3061 5129 3062 0110
2989 462 3063 0001
2989 2645 3064 1000
3064 3063 3065 1000
3065 3062 3066 0001
2978 397 3067 0001
2978 2844 3068 1000
3068 3067 3069 1000
2989 461 3070 0001
2989 2633 3071 1000
3071 3070 3072 1000
3072 5129 3073 0110
3073 3069 3074 0001
2978 393 3075 0001
2978 2816 3076 1000
3076 3075 3077 1000
3077 5129 3078 0110
2989 457 3079 0001
2989 2605 3080 1000
3080 3079 3081 1000
3081 3078 3082 0001
2978 392 3083 0001
2978 2814 3084 1000
3084 3083 3085 1000
2989 456 3086 0001
2989 2603 3087 1000
3087 3086 3088 1000
3088 5129 3089 0110
3089 3085 3090 0001
2978 386 3091 0001
2978 2772 3092 1000
3092 3091 3093 1000
2989 2555 3094 0001
2989 482 3095 1000
3095 3094 3096 1000
3096 3093 3097 1000
2978 385 3098 0001
2978 2760 3099 1000
3099 3098 3100 1000
2989 2557 3101 0001
2989 481 3102 1000
3102 3101 3103 1000
3103 3100 3104 0001
384 5129 3105 0110
2978 3105 3106 0001
2978 416 3107 1000
3107 3106 3108 1000
2989 448 3109 0001
2989 2551 3110 1000
3110 3109 3111 1000
3111 3108 3112 0001
2978 2768 3113 0001
2978 417 3114 1000
3114 3113 3115 1000
2989 449 3116 0001
2989 2549 3117 1000
3117 3116 3118 1000
3118 3115 3119 0001
3119 3112 3120 1000
3120 3104 3121 1000
3121 3097 3122 1000
3096 3093 3123 0001
2978 387 3124 0001
2978 2774 3125 1000
3125 3124 3126 1000
2989 2570 3127 0001
2989 483 3128 1000
3128 3127 3129 1000
3129 3126 3130 0001
3130 3123 3131 1000
3131 5129 3132 0110
3132 3122 3133 1000
3129 3126 3134 1000
2978 388 3135 0001
2978 2786 3136 1000
3136 3135 3137 1000
3137 5129 3138 0110
2989 452 3139 0001
2989 2575 3140 1000
3140 3139 3141 1000
3141 3138 3142 0001
3142 3134 3143 1000
3143 5129 3144 0110
3144 3133 3145 1000
2978 389 3146 0001
2978 2788 3147 1000
3147 3146 3148 1000
2989 453 3149 0001
2989 2577 3150 1000
3150 3149 3151 1000
3151 5129 3152 0110
3152 3148 3153 0001
3141 5129 3154 0110
3154 3137 3155 0001
3155 3153 3156 1000
3156 5129 3157 0110
3157 3145 3158 1000
2978 2795 3159 0001
2978 422 3160 1000
3160 3159 3161 1000
2989 454 3162 0001
2989 2589 3163 1000
3163 3162 3164 1000
3164 3161 3165 0001
3148 5129 3166 0110
3151 3166 3167 0001
3167 3165 3168 1000
3168 5129 3169 0110
3169 3158 3170 1000
3164 3161 3171 1000
2978 391 3172 0001
2978 2802 3173 1000
3173 3172 3174 1000
2989 455 3175 0001
2989 2591 3176 1000
3176 3175 3177 1000
3177 5129 3178 0110
3178 3174 3179 0001
3179 3171 3180 1000
3180 5129 3181 0110
3181 3170 3182 1000
3174 5129 3183 0110
3177 3183 3184 0001
3085 5129 3185 0110
3088 3185 3186 0001
3186 3184 3187 1000
3187 5129 3188 0110
3188 3182 3189 1000
3189 3090 3190 1000
3190 3082 3191 1000
3081 5129 3192 0110
3192 3077 3193 0001
2978 394 3194 0001
2978 2828 3195 1000
3195 3194 3196 1000
2989 458 3197 0001
2989 2617 3198 1000
3198 3197 3199 1000
3199 5129 3200 0110
3200 3196 3201 0001
3201 3193 3202 1000
3202 5129 3203 0110
3203 3191 3204 1000
3196 5129 3205 0110
3199 3205 3206 0001
2978 395 3207 0001
2978 2830 3208 1000
3208 3207 3209 1000
3209 5129 3210 0110
2989 459 3211 0001
2989 2619 3212 1000
3212 3211 3213 1000
3213 3210 3214 0001
3214 3206 3215 1000
3215 5129 3216 0110
3216 3204 3217 1000
3213 5129 3218 0110
3218 3209 3219 0001
2978 396 3220 0001
2978 2842 3221 1000
3221 3220 3222 1000
2989 460 3223 0001
2989 2631 3224 1000
3224 3223 3225 1000
3225 5129 3226 0110
3226 3222 3227 0001
3227 3219 3228 1000
3228 5129 3229 0110
3229 3217 3230 1000
3222 5129 3231 0110
3225 3231 3232 0001
3069 5129 3233 0110
3072 3233 3234 0001
3234 3232 3235 1000
3235 5129 3236 0110
3236 3230 3237 1000
3237 3074 3238 1000
3238 3066 3239 1000
2978 399 3240 0001
2978 2858 3241 1000
3241 3240 3242 1000
2989 463 3243 0001
2989 2647 3244 1000
3244 3243 3245 1000
3245 5129 3246 0110
3246 3242 3247 0001
3065 5129 3248 0110
3248 3061 3249 0001
3249 3247 3250 1000
3250 5129 3251 0110
3251 3239 3252 1000
3242 5129 3253 0110
3245 3253 3254 0001
2978 400 3255 0001
2978 2870 3256 1000
3256 3255 3257 1000
3257 5129 3258 0110
2989 464 3259 0001
2989 2659 3260 1000
3260 3259 3261 1000
3261 3258 3262 0001
3262 3254 3263 1000
3263 5129 3264 0110
3264 3252 3265 1000
3057 5129 3266 0110
3266 3053 3267 0001
3261 5129 3268 0110
3268 3257 3269 0001
3269 3267 3270 1000
3270 5129 3271 0110
3271 3265 3272 1000
3272 3058 3273 1000
3273 3050 3274 1000
2978 403 3275 0001
2978 2886 3276 1000
3276 3275 3277 1000
3277 5129 3278 0110
2989 467 3279 0001
2989 2675 3280 1000
3280 3279 3281 1000
3281 3278 3282 0001
3045 5129 3283 0110
3048 3283 3284 0001
3284 3282 3285 1000
3285 5129 3286 0110
3286 3274 3287 1000
3281 5129 3288 0110
3288 3277 3289 0001
2978 404 3290 0001
2978 2898 3291 1000
3291 3290 3292 1000
2989 468 3293 0001
2989 2687 3294 1000
3294 3293 3295 1000
3295 5129 3296 0110
3296 3292 3297 0001
3297 3289 3298 1000
3298 5129 3299 0110
3299 3287 3300 1000
3292 5129 3301 0110
3295 3301 3302 0001
3037 5129 3303 0110
3040 3303 3304 0001
3304 3302 3305 1000
3305 5129 3306 0110
3306 3300 3307 1000
3307 3042 3308 1000
3308 3034 3309 1000
3033 5129 3310 0110
3310 3029 3311 0001
2978 407 3312 0001
2978 2914 3313 1000
3313 3312 3314 1000
2989 471 3315 0001
2989 2703 3316 1000
3316 3315 3317 1000
3317 5129 3318 0110
3318 3314 3319 0001
3319 3311 3320 1000
3320 5129 3321 0110
3321 3309 3322 1000
3314 5129 3323 0110
3317 3323 3324 0001
3021 5129 3325 0110
3024 3325 3326 0001
3326 3324 3327 1000
3327 5129 3328 0110
3328 3322 3329 1000
3329 3026 3330 1000
3330 3018 3331 1000
2978 410 3332 0001
2978 2940 3333 1000
3333 3332 3334 1000
2989 474 3335 0001
2989 2729 3336 1000
3336 3335 3337 1000
3337 5129 3338 0110
3338 3334 3339 0001
3017 5129 3340 0110
3340 3013 3341 0001
3341 3339 3342 1000
3342 5129 3343 0110
3343 3331 3344 1000
3334 5129 3345 0110
3337 3345 3346 0001
3005 5129 3347 0110
3008 3347 3348 0001
3348 3346 3349 1000
3349 5129 3350 0110
3350 3344 3351 1000
3351 3010 3352 1000
3352 3002 3353 1000
2978 413 3354 0001
2978 2956 3355 1000
3355 3354 3356 1000
2989 477 3357 0001
2989 2745 3358 1000
3358 3357 3359 1000
3359 5129 3360 0110
3360 3356 3361 0001
3001 5129 3362 0110
3362 2997 3363 0001
3363 3361 3364 1000
3364 5129 3365 0110
3365 3353 3366 1000
3356 5129 3367 0110
3359 3367 3368 0001
2981 5129 3369 0110
2992 3369 3370 0001
3370 3368 3371 1000
3371 5129 3372 0110
3372 3366 3373 1000
3373 2994 3374 1000
2970 2759 3375 0001
353 5129 3376 0110
3376 321 3377 0001
352 5129 3378 0110
3378 320 3379 0001
3379 3377 3380 1000
3380 5129 3381 0110
322 5129 3382 0110
354 3382 3383 0001
321 5129 3384 0110
353 3384 3385 0001
3385 3383 3386 1000
3386 3381 3387 0001
355 5129 3388 0110
3388 323 3389 0001
354 5129 3390 0110
3390 322 3391 0001
3391 3389 3392 1000
3392 5129 3393 0110
3393 3387 3394 1000
323 5129 3395 0110
355 3395 3396 0001
324 5129 3397 0110
356 3397 3398 0001
3398 3396 3399 1000
3399 5129 3400 0110
3400 3394 3401 1000
356 5129 3402 0110
3402 324 3403 0001
357 5129 3404 0110
3404 325 3405 0001
3405 3403 3406 1000
3406 5129 3407 0110
3407 3401 3408 1000
325 5129 3409 0110
357 3409 3410 0001
326 5129 3411 0110
358 3411 3412 0001
3412 3410 3413 1000
3413 5129 3414 0110
3414 3408 3415 1000
358 5129 3416 0110
3416 326 3417 0001
359 5129 3418 0110
3418 327 3419 0001
3419 3417 3420 1000
3420 5129 3421 0110
3421 3415 3422 1000
327 5129 3423 0110
359 3423 3424 0001
328 5129 3425 0110
360 3425 3426 0001
3426 3424 3427 1000
3427 5129 3428 0110
3428 3422 3429 1000
360 5129 3430 0110
3430 328 3431 0001
361 5129 3432 0110
3432 329 3433 0001
3433 3431 3434 1000
3434 5129 3435 0110
3435 3429 3436 1000
329 5129 3437 0110
361 3437 3438 0001
330 5129 3439 0110
362 3439 3440 0001
3440 3438 3441 1000
3441 5129 3442 0110
3442 3436 3443 1000
362 5129 3444 0110
3444 330 3445 0001
363 5129 3446 0110
3446 331 3447 0001
3447 3445 3448 1000
3448 5129 3449 0110
3449 3443 3450 1000
331 5129 3451 0110
363 3451 3452 0001
332 5129 3453 0110
364 3453 3454 0001
3454 3452 3455 1000
3455 5129 3456 0110
3456 3450 3457 1000
364 5129 3458 0110
3458 332 3459 0001
365 5129 3460 0110
3460 333 3461 0001
3461 3459 3462 1000
3462 5129 3463 0110
3463 3457 3464 1000
333 5129 3465 0110
365 3465 3466 0001
334 5129 3467 0110
366 3467 3468 0001
3468 3466 3469 1000
3469 5129 3470 0110
3470 3464 3471 1000
366 5129 3472 0110
3472 334 3473 0001
367 5129 3474 0110
3474 335 3475 0001
3475 3473 3476 1000
3476 5129 3477 0110
3477 3471 3478 1000
335 5129 3479 0110
367 3479 3480 0001
336 5129 3481 0110
368 3481 3482 0001
3482 3480 3483 1000
3483 5129 3484 0110
3484 3478 3485 1000
368 5129 3486 0110
3486 336 3487 0001
369 5129 3488 0110
3488 337 3489 0001
3489 3487 3490 1000
3490 5129 3491 0110
3491 3485 3492 1000
337 5129 3493 0110
369 3493 3494 0001
338 5129 3495 0110
370 3495 3496 0001
3496 3494 3497 1000
3497 5129 3498 0110
3498 3492 3499 1000
370 5129 3500 0110
3500 338 3501 0001
371 5129 3502 0110
3502 339 3503 0001
3503 3501 3504 1000
3504 5129 3505 0110
3505 3499 3506 1000
339 5129 3507 0110
371 3507 3508 0001
340 5129 3509 0110
372 3509 3510 0001
3510 3508 3511 1000
3511 5129 3512 0110
3512 3506 3513 1000
372 5129 3514 0110
3514 340 3515 0001
373 5129 3516 0110
3516 341 3517 0001
3517 3515 3518 1000
3518 5129 3519 0110
3519 3513 3520 1000
341 5129 3521 0110
373 3521 3522 0001
342 5129 3523 0110
374 3523 3524 0001
3524 3522 3525 1000
3525 5129 3526 0110
3526 3520 3527 1000
374 5129 3528 0110
3528 342 3529 0001
375 5129 3530 0110
3530 343 3531 0001
3531 3529 3532 1000
3532 5129 3533 0110
3533 3527 3534 1000
343 5129 3535 0110
375 3535 3536 0001
344 5129 3537 0110
376 3537 3538 0001
3538 3536 3539 1000
3539 5129 3540 0110
3540 3534 3541 1000
376 5129 3542 0110
3542 344 3543 0001
377 5129 3544 0110
3544 345 3545 0001
3545 3543 3546 1000
3546 5129 3547 0110
3547 3541 3548 1000
345 5129 3549 0110
377 3549 3550 0001
346 5129 3551 0110
378 3551 3552 0001
3552 3550 3553 1000
3553 5129 3554 0110
3554 3548 3555 1000
378 5129 3556 0110
3556 346 3557 0001
379 5129 3558 0110
3558 347 3559 0001
3559 3557 3560 1000
3560 5129 3561 0110
3561 3555 3562 1000
347 5129 3563 0110
379 3563 3564 0001
348 5129 3565 0110
380 3565 3566 0001
3566 3564 3567 1000
3567 5129 3568 0110
3568 3562 3569 1000
380 5129 3570 0110
3570 348 3571 0001
381 5129 3572 0110
3572 349 3573 0001
3573 3571 3574 1000
3574 5129 3575 0110
3575 3569 3576 1000
349 5129 3577 0110
381 3577 3578 0001
350 5129 3579 0110
382 3579 3580 0001
3580 3578 3581 1000
3581 5129 3582 0110
3582 3576 3583 1000
382 5129 3584 0110
3584 350 3585 0001
383 351 3586 1000
289 5129 3587 0110
3587 257 3588 0001
288 5129 3589 0110
3589 256 3590 0001
3590 3588 3591 1000
3591 5129 3592 0110
258 5129 3593 0110
290 3593 3594 0001
257 5129 3595 0110
289 3595 3596 0001
3596 3594 3597 1000
3597 3592 3598 0001
291 5129 3599 0110
3599 259 3600 0001
290 5129 3601 0110
3601 258 3602 0001
3602 3600 3603 1000
3603 5129 3604 0110
3604 3598 3605 1000
259 5129 3606 0110
291 3606 3607 0001
260 5129 3608 0110
292 3608 3609 0001
3609 3607 3610 1000
3610 5129 3611 0110
3611 3605 3612 1000
292 5129 3613 0110
3613 260 3614 0001
293 5129 3615 0110
3615 261 3616 0001
3616 3614 3617 1000
3617 5129 3618 0110
3618 3612 3619 1000
261 5129 3620 0110
293 3620 3621 0001
262 5129 3622 0110
294 3622 3623 0001
3623 3621 3624 1000
3624 5129 3625 0110
3625 3619 3626 1000
294 5129 3627 0110
3627 262 3628 0001
295 5129 3629 0110
3629 263 3630 0001
3630 3628 3631 1000
3631 5129 3632 0110
3632 3626 3633 1000
263 5129 3634 0110
295 3634 3635 0001
264 5129 3636 0110
296 3636 3637 0001
3637 3635 3638 1000
3638 5129 3639 0110
3639 3633 3640 1000
296 5129 3641 0110
3641 264 3642 0001
297 5129 3643 0110
3643 265 3644 0001
3644 3642 3645 1000
3645 5129 3646 0110
3646 3640 3647 1000
265 5129 3648 0110
297 3648 3649 0001
266 5129 3650 0110
298 3650 3651 0001
3651 3649 3652 1000
3652 5129 3653 0110
3653 3647 3654 1000
298 5129 3655 0110
3655 266 3656 0001
299 5129 3657 0110
3657 267 3658 0001
3658 3656 3659 1000
3659 5129 3660 0110
3660 3654 3661 1000
267 5129 3662 0110
299 3662 3663 0001
268 5129 3664 0110
300 3664 3665 0001
3665 3663 3666 1000
3666 5129 3667 0110
3667 3661 3668 1000
300 5129 3669 0110
3669 268 3670 0001
301 5129 3671 0110
3671 269 3672 0001
3672 3670 3673 1000
3673 5129 3674 0110
3674 3668 3675 1000
269 5129 3676 0110
301 3676 3677 0001
270 5129 3678 0110
302 3678 3679 0001
3679 3677 3680 1000
3680 5129 3681 0110
3681 3675 3682 1000
302 5129 3683 0110
3683 270 3684 0001
303 5129 3685 0110
3685 271 3686 0001
3686 3684 3687 1000
3687 5129 3688 0110
3688 3682 3689 1000
271 5129 3690 0110
303 3690 3691 0001
272 5129 3692 0110
304 3692 3693 0001
3693 3691 3694 1000
3694 5129 3695 0110
3695 3689 3696 1000
304 5129 3697 0110
3697 272 3698 0001
305 5129 3699 0110
3699 273 3700 0001
3700 3698 3701 1000
3701 5129 3702 0110
3702 3696 3703 1000
273 5129 3704 0110
305 3704 3705 0001
274 5129 3706 0110
306 3706 3707 0001
3707 3705 3708 1000
3708 5129 3709 0110
3709 3703 3710 1000
306 5129 3711 0110
3711 274 3712 0001
307 5129 3713 0110
3713 275 3714 0001
3714 3712 3715 1000
3715 5129 3716 0110
3716 3710 3717 1000
275 5129 3718 0110
307 3718 3719 0001
276 5129 3720 0110
308 3720 3721 0001
3721 3719 3722 1000
3722 5129 3723 0110
3723 3717 3724 1000
308 5129 3725 0110
3725 276 3726 0001
309 5129 3727 0110
3727 277 3728 0001
3728 3726 3729 1000
3729 5129 3730 0110
3730 3724 3731 1000
277 5129 3732 0110
309 3732 3733 0001
278 5129 3734 0110
310 3734 3735 0001
3735 3733 3736 1000
3736 5129 3737 0110
3737 3731 3738 1000
310 5129 3739 0110
3739 278 3740 0001
311 5129 3741 0110
3741 279 3742 0001
3742 3740 3743 1000
3743 5129 3744 0110
3744 3738 3745 1000
279 5129 3746 0110
311 3746 3747 0001
280 5129 3748 0110
312 3748 3749 0001
3749 3747 3750 1000
3750 5129 3751 0110
3751 3745 3752 1000
312 5129 3753 0110
3753 280 3754 0001
313 5129 3755 0110
3755 281 3756 0001
3756 3754 3757 1000
3757 5129 3758 0110
3758 3752 3759 1000
281 5129 3760 0110
313 3760 3761 0001
282 5129 3762 0110
314 3762 3763 0001
3763 3761 3764 1000
3764 5129 3765 0110
3765 3759 3766 1000
314 5129 3767 0110
3767 282 3768 0001
315 5129 3769 0110
3769 283 3770 0001
3770 3768 3771 1000
3771 5129 3772 0110
3772 3766 3773 1000
283 5129 3774 0110
315 3774 3775 0001
284 5129 3776 0110
316 3776 3777 0001
3777 3775 3778 1000
3778 5129 3779 0110
3779 3773 3780 1000
316 5129 3781 0110
3781 284 3782 0001
317 5129 3783 0110
3783 285 3784 0001
3784 3782 3785 1000
3785 5129 3786 0110
3786 3780 3787 1000
285 5129 3788 0110
317 3788 3789 0001
286 5129 3790 0110
318 3790 3791 0001
3791 3789 3792 1000
3792 5129 3793 0110
3793 3787 3794 1000
318 5129 3795 0110
3795 286 3796 0001
319 287 3797 1000
319 5129 3798 0110
3798 287 3799 0001
3799 3796 3800 1000
3800 5129 3801 0110
3801 3794 3802 1000
287 5129 3803 0110
319 3803 3804 0001
3804 3802 3805 1000
3805 286 3806 0001
3805 3795 3807 1000
3807 3806 3808 1000
383 5129 3809 0110
3809 351 3810 0001
3810 3585 3811 1000
3811 5129 3812 0110
3812 3583 3813 1000
351 5129 3814 0110
383 3814 3815 0001
3815 3813 3816 1000
3816 350 3817 0001
3816 3584 3818 1000
3818 3817 3819 1000
3819 5129 3820 0110
3820 3808 3821 0001
3805 284 3822 0001
3805 3781 3823 1000
3823 3822 3824 1000
3824 5129 3825 0110
3816 348 3826 0001
3816 3570 3827 1000
3827 3826 3828 1000
3828 3825 3829 0001
3805 283 3830 0001
3805 3769 3831 1000
3831 3830 3832 1000
3816 347 3833 0001
3816 3558 3834 1000
3834 3833 3835 1000
3835 5129 3836 0110
3836 3832 3837 0001
3805 281 3838 0001
3805 3755 3839 1000
3839 3838 3840 1000
3840 5129 3841 0110
3816 345 3842 0001
3816 3544 3843 1000
3843 3842 3844 1000
3844 3841 3845 0001
3805 280 3846 0001
3805 3753 3847 1000
3847 3846 3848 1000
3816 344 3849 0001
3816 3542 3850 1000
3850 3849 3851 1000
3851 5129 3852 0110
3852 3848 3853 0001
3805 277 3854 0001
3805 3727 3855 1000
3855 3854 3856 1000
3816 341 3857 0001
3816 3516 3858 1000
3858 3857 3859 1000
3859 5129 3860 0110
3860 3856 3861 0001
3805 276 3862 0001
3805 3725 3863 1000
3863 3862 3864 1000
3864 5129 3865 0110
3816 340 3866 0001
3816 3514 3867 1000
3867 3866 3868 1000
3868 3865 3869 0001
3805 273 3870 0001
3805 3699 3871 1000
3871 3870 3872 1000
3872 5129 3873 0110
3816 337 3874 0001
3816 3488 3875 1000
3875 3874 3876 1000
3876 3873 3877 0001
3805 272 3878 0001
3805 3697 3879 1000
3879 3878 3880 1000
3816 336 3881 0001
3816 3486 3882 1000
3882 3881 3883 1000
3883 5129 3884 0110
3884 3880 3885 0001
3805 268 3886 0001
3805 3669 3887 1000
3887 3886 3888 1000
3888 5129 3889 0110
3816 332 3890 0001
3816 3458 3891 1000
3891 3890 3892 1000
3892 3889 3893 0001
3805 267 3894 0001
3805 3657 3895 1000
3895 3894 3896 1000
3816 331 3897 0001
3816 3446 3898 1000
3898 3897 3899 1000
3899 5129 3900 0110
3900 3896 3901 0001
3805 265 3902 0001
3805 3643 3903 1000
3903 3902 3904 1000
3904 5129 3905 0110
3816 329 3906 0001
3816 3432 3907 1000
3907 3906 3908 1000
3908 3905 3909 0001
3805 264 3910 0001
3805 3641 3911 1000
3911 3910 3912 1000
3816 328 3913 0001
3816 3430 3914 1000
3914 3913 3915 1000
3915 5129 3916 0110
3916 3912 3917 0001
3805 262 3918 0001
3805 3627 3919 1000
3919 3918 3920 1000
3920 5129 3921 0110
3816 326 3922 0001
3816 3416 3923 1000
3923 3922 3924 1000
3924 3921 3925 0001
3805 3620 3926 0001
3805 293 3927 1000
3927 3926 3928 1000
3816 325 3929 0001
3816 3404 3930 1000
3930 3929 3931 1000
3931 3928 3932 1000
3805 3595 3933 0001
3805 289 3934 1000
3934 3933 3935 1000
3816 321 3936 0001
3816 3376 3937 1000
3937 3936 3938 1000
3938 3935 3939 0001
256 5129 3940 0110
3805 3940 3941 0001
3805 288 3942 1000
3942 3941 3943 1000
3816 320 3944 0001
3816 3378 3945 1000
3945 3944 3946 1000
3946 3943 3947 0001
3947 3939 3948 1000
3948 5129 3949 0110
3805 258 3950 0001
3805 3601 3951 1000
3951 3950 3952 1000
3816 3382 3953 0001
3816 354 3954 1000
3954 3953 3955 1000
3955 3952 3956 0001
3805 257 3957 0001
3805 3587 3958 1000
3958 3957 3959 1000
3816 3384 3960 0001
3816 353 3961 1000
3961 3960 3962 1000
3962 3959 3963 0001
3963 3956 3964 1000
3964 3949 3965 0001
3805 3606 3966 0001
3805 291 3967 1000
3967 3966 3968 1000
3816 323 3969 0001
3816 3388 3970 1000
3970 3969 3971 1000
3971 3968 3972 0001
3805 3593 3973 0001
3805 290 3974 1000
3974 3973 3975 1000
3816 322 3976 0001
3816 3390 3977 1000
3977 3976 3978 1000
3978 3975 3979 0001
3979 3972 3980 1000
3980 5129 3981 0110
3981 3965 3982 1000
3805 260 3983 0001
3805 3613 3984 1000
3984 3983 3985 1000
3816 324 3986 0001
3816 3402 3987 1000
3987 3986 3988 1000
3988 5129 3989 0110
3989 3985 3990 0001
3971 3968 3991 1000
3991 3990 3992 1000
3992 5129 3993 0110
3993 3982 3994 1000
3985 5129 3995 0110
3988 3995 3996 0001
3931 3928 3997 0001
3997 3996 3998 1000
3998 5129 3999 0110
3999 3994 4000 1000
4000 3932 4001 1000
4001 3925 4002 1000
3924 5129 4003 0110
4003 3920 4004 0001
3805 263 4005 0001
3805 3629 4006 1000
4006 4005 4007 1000
3816 327 4008 0001
3816 3418 4009 1000
4009 4008 4010 1000
4010 5129 4011 0110
4011 4007 4012 0001
4012 4004 4013 1000
4013 5129 4014 0110
4014 4002 4015 1000
4007 5129 4016 0110
4010 4016 4017 0001
3912 5129 4018 0110
3915 4018 4019 0001
4019 4017 4020 1000
4020 5129 4021 0110
4021 4015 4022 1000
4022 3917 4023 1000
4023 3909 4024 1000
3908 5129 4025 0110
4025 3904 4026 0001
3805 266 4027 0001
3805 3655 4028 1000
4028 4027 4029 1000
3816 330 4030 0001
3816 3444 4031 1000
4031 4030 4032 1000
4032 5129 4033 0110
4033 4029 4034 0001
4034 4026 4035 1000
4035 5129 4036 0110
4036 4024 4037 1000
4029 5129 4038 0110
4032 4038 4039 0001
3896 5129 4040 0110
3899 4040 4041 0001
4041 4039 4042 1000
4042 5129 4043 0110
4043 4037 4044 1000
4044 3901 4045 1000
4045 3893 4046 1000
3892 5129 4047 0110
4047 3888 4048 0001
3805 269 4049 0001
3805 3671 4050 1000
4050 4049 4051 1000
3816 333 4052 0001
3816 3460 4053 1000
4053 4052 4054 1000
4054 5129 4055 0110
4055 4051 4056 0001
4056 4048 4057 1000
4057 5129 4058 0110
4058 4046 4059 1000
4051 5129 4060 0110
4054 4060 4061 0001
3805 270 4062 0001
3805 3683 4063 1000
4063 4062 4064 1000
4064 5129 4065 0110
3816 334 4066 0001
3816 3472 4067 1000
4067 4066 4068 1000
4068 4065 4069 0001
4069 4061 4070 1000
4070 5129 4071 0110
4071 4059 4072 1000
4068 5129 4073 0110
4073 4064 4074 0001
3805 271 4075 0001
3805 3685 4076 1000
4076 4075 4077 1000
3816 335 4078 0001
3816 3474 4079 1000
4079 4078 4080 1000
4080 5129 4081 0110
4081 4077 4082 0001
4082 4074 4083 1000
4083 5129 4084 0110
4084 4072 4085 1000
4077 5129 4086 0110
4080 4086 4087 0001
3880 5129 4088 0110
3883 4088 4089 0001
4089 4087 4090 1000
4090 5129 4091 0110
4091 4085 4092 1000
4092 3885 4093 1000
4093 3877 4094 1000
3805 274 4095 0001
3805 3711 4096 1000
4096 4095 4097 1000
3816 338 4098 0001
3816 3500 4099 1000
4099 4098 4100 1000
4100 5129 4101 0110
4101 4097 4102 0001
3876 5129 4103 0110
4103 3872 4104 0001
4104 4102 4105 1000
4105 5129 4106 0110
4106 4094 4107 1000
4097 5129 4108 0110
4100 4108 4109 0001
3805 275 4110 0001
3805 3713 4111 1000
4111 4110 4112 1000
4112 5129 4113 0110
3816 339 4114 0001
3816 3502 4115 1000
4115 4114 4116 1000
4116 4113 4117 0001
4117 4109 4118 1000
4118 5129 4119 0110
4119 4107 4120 1000
3868 5129 4121 0110
4121 3864 4122 0001
4116 5129 4123 0110
4123 4112 4124 0001
4124 4122 4125 1000
4125 5129 4126 0110
4126 4120 4127 1000
4127 3869 4128 1000
4128 3861 4129 1000
3805 278 4130 0001
3805 3739 4131 1000
4131 4130 4132 1000
4132 5129 4133 0110
3816 342 4134 0001
3816 3528 4135 1000
4135 4134 4136 1000
4136 4133 4137 0001
3856 5129 4138 0110
3859 4138 4139 0001
4139 4137 4140 1000
4140 5129 4141 0110
4141 4129 4142 1000
4136 5129 4143 0110
4143 4132 4144 0001
3805 279 4145 0001
3805 3741 4146 1000
4146 4145 4147 1000
3816 343 4148 0001
3816 3530 4149 1000
4149 4148 4150 1000
4150 5129 4151 0110
4151 4147 4152 0001
4152 4144 4153 1000
4153 5129 4154 0110
4154 4142 4155 1000
4147 5129 4156 0110
4150 4156 4157 0001
3848 5129 4158 0110
3851 4158 4159 0001
4159 4157 4160 1000
4160 5129 4161 0110
4161 4155 4162 1000
4162 3853 4163 1000
4163 3845 4164 1000
3844 5129 4165 0110
4165 3840 4166 0001
3805 282 4167 0001
3805 3767 4168 1000
4168 4167 4169 1000
3816 346 4170 0001
3816 3556 4171 1000
4171 4170 4172 1000
4172 5129 4173 0110
4173 4169 4174 0001
4174 4166 4175 1000
4175 5129 4176 0110
4176 4164 4177 1000
4169 5129 4178 0110
4172 4178 4179 0001
3832 5129 4180 0110
3835 4180 4181 0001
4181 4179 4182 1000
4182 5129 4183 0110
4183 4177 4184 1000
4184 3837 4185 1000
4185 3829 4186 1000
3828 5129 4187 0110
4187 3824 4188 0001
3805 285 4189 0001
3805 3783 4190 1000
4190 4189 4191 1000
3816 349 4192 0001
3816 3572 4193 1000
4193 4192 4194 1000
4194 5129 4195 0110
4195 4191 4196 0001
4196 4188 4197 1000
4197 5129 4198 0110
4198 4186 4199 1000
4191 5129 4200 0110
4194 4200 4201 0001
3808 5129 4202 0110
3819 4202 4203 0001
4203 4201 4204 1000
4204 5129 4205 0110
4205 4199 4206 1000
4206 3821 4207 1000
3797 3586 4208 0001
3797 5129 4209 0110
4209 3586 4210 0001
4207 4210 4211 1000
4211 3797 4212 1000
3586 5129 4213 0110
4211 4213 4214 1000
4214 4212 4215 1000
4215 3824 4216 1000
4215 4187 4217 0001
4217 4216 4218 1000
2970 5129 4219 0110
4219 2759 4220 0001
3374 4220 4221 1000
4221 2970 4222 1000
2759 5129 4223 0110
4221 4223 4224 1000
4224 4222 4225 1000
4225 2997 4226 1000
4225 3362 4227 0001
4227 4226 4228 1000
4228 5129 4229 0110
4229 4218 4230 1000
4215 3832 4231 1000
4215 3836 4232 0001
4232 4231 4233 1000
4225 3005 4234 1000
4225 3009 4235 0001
4235 4234 4236 1000
4236 5129 4237 0110
4237 4233 4238 0001
4215 3840 4239 1000
4215 4165 4240 0001
4240 4239 4241 1000
4225 3013 4242 1000
4225 3340 4243 0001
4243 4242 4244 1000
4244 5129 4245 0110
4245 4241 4246 1000
4215 3848 4247 1000
4215 3852 4248 0001
4248 4247 4249 1000
4225 3021 4250 1000
4225 3025 4251 0001
4251 4250 4252 1000
4252 5129 4253 0110
4253 4249 4254 0001
4215 4132 4255 1000
4215 4143 4256 0001
4256 4255 4257 1000
4225 3029 4258 1000
4225 3310 4259 0001
4259 4258 4260 1000
4260 5129 4261 0110
4261 4257 4262 1000
4215 3856 4263 1000
4215 3860 4264 0001
4264 4263 4265 1000
4225 3037 4266 1000
4225 3041 4267 0001
4267 4266 4268 1000
4268 5129 4269 0110
4269 4265 4270 0001
4215 4112 4271 1000
4215 4123 4272 0001
4272 4271 4273 1000
4225 3277 4274 1000
4225 3288 4275 0001
4275 4274 4276 1000
4276 5129 4277 0110
4277 4273 4278 1000
4215 4097 4279 1000
4215 4101 4280 0001
4280 4279 4281 1000
4225 3045 4282 1000
4225 3049 4283 0001
4283 4282 4284 1000
4284 5129 4285 0110
4285 4281 4286 0001
4215 4077 4287 1000
4215 4081 4288 0001
4288 4287 4289 1000
4225 3242 4290 1000
4225 3246 4291 0001
4291 4290 4292 1000
4292 5129 4293 0110
4293 4289 4294 0001
4215 4064 4295 1000
4215 4073 4296 0001
4296 4295 4297 1000
4225 3061 4298 1000
4225 3248 4299 0001
4299 4298 4300 1000
4300 5129 4301 0110
4301 4297 4302 1000
4215 3896 4303 1000
4215 3900 4304 0001
4304 4303 4305 1000
4225 3209 4306 1000
4225 3218 4307 0001
4307 4306 4308 1000
4308 5129 4309 0110
4309 4305 4310 1000
4215 4029 4311 1000
4215 4033 4312 0001
4312 4311 4313 1000
4225 3196 4314 1000
4225 3200 4315 0001
4315 4314 4316 1000
4316 5129 4317 0110
4317 4313 4318 0001
4215 3920 4319 1000
4215 4003 4320 0001
4320 4319 4321 1000
3161 5129 4322 0110
4225 4322 4323 1000
3164 5129 4324 0110
4225 4324 4325 0001
4325 4323 4326 1000
4326 5129 4327 0110
4327 4321 4328 1000
4215 3931 4329 0001
4215 3928 4330 1000
4330 4329 4331 1000
4225 3148 4332 1000
4225 3152 4333 0001
4333 4332 4334 1000
4334 4331 4335 1000
4215 3938 4336 0001
4215 3935 4337 1000
4337 4336 4338 1000
4225 3100 4339 1000
4225 3103 4340 0001
4340 4339 4341 1000
4341 4338 4342 0001
4215 3946 4343 0001
4215 3943 4344 1000
4344 4343 4345 1000
4225 5129 4346 0110
4346 3108 4347 0001
4346 3111 4348 1000
4348 4347 4349 1000
4349 4345 4350 0001
4350 4342 4351 1000
4351 5129 4352 0110
4215 3978 4353 0001
4215 3975 4354 1000
4354 4353 4355 1000
4225 3093 4356 1000
4225 3096 4357 0001
4357 4356 4358 1000
4358 4355 4359 1000
4341 4338 4360 1000
4360 4359 4361 1000
4361 4352 4362 0001
4215 3971 4363 0001
4215 3968 4364 1000
4364 4363 4365 1000
4225 3126 4366 1000
4225 3129 4367 0001
4367 4366 4368 1000
4368 4365 4369 0001
4358 4355 4370 0001
4370 4369 4371 1000
4371 5129 4372 0110
4372 4362 4373 1000
4368 4365 4374 1000
4215 3985 4375 1000
4215 3989 4376 0001
4376 4375 4377 1000
4225 3137 4378 1000
4225 3154 4379 0001
4379 4378 4380 1000
4380 5129 4381 0110
4381 4377 4382 0001
4382 4374 4383 1000
4383 5129 4384 0110
4384 4373 4385 1000
4381 4377 4386 1000
4334 4331 4387 0001
4387 4386 4388 1000
4388 5129 4389 0110
4389 4385 4390 1000
4390 4335 4391 1000
4391 4328 4392 1000
4327 4321 4393 0001
4215 4007 4394 1000
4215 4011 4395 0001
4395 4394 4396 1000
4225 3174 4397 1000
4225 3178 4398 0001
4398 4397 4399 1000
4399 5129 4400 0110
4400 4396 4401 0001
4401 4393 4402 1000
4402 5129 4403 0110
4403 4392 4404 1000
4400 4396 4405 1000
4215 3912 4406 1000
4215 3916 4407 0001
4407 4406 4408 1000
4225 3085 4409 1000
4225 3089 4410 0001
4410 4409 4411 1000
4411 5129 4412 0110
4412 4408 4413 1000
4413 4405 4414 1000
4414 5129 4415 0110
4415 4404 4416 1000
4412 4408 4417 0001
4215 3904 4418 1000
4215 4025 4419 0001
4419 4418 4420 1000
4225 3077 4421 1000
4225 3192 4422 0001
4422 4421 4423 1000
4423 5129 4424 0110
4424 4420 4425 0001
4425 4417 4426 1000
4426 5129 4427 0110
4427 4416 4428 1000
4424 4420 4429 1000
4317 4313 4430 1000
4430 4429 4431 1000
4431 5129 4432 0110
4432 4428 4433 1000
4433 4318 4434 1000
4434 4310 4435 1000
4309 4305 4436 0001
4215 3888 4437 1000
4215 4047 4438 0001
4438 4437 4439 1000
4225 3222 4440 1000
4225 3226 4441 0001
4441 4440 4442 1000
4442 5129 4443 0110
4443 4439 4444 0001
4444 4436 4445 1000
4445 5129 4446 0110
4446 4435 4447 1000
4443 4439 4448 1000
4215 4051 4449 1000
4215 4055 4450 0001
4450 4449 4451 1000
4225 3069 4452 1000
4225 3073 4453 0001
4453 4452 4454 1000
4454 5129 4455 0110
4455 4451 4456 1000
4456 4448 4457 1000
4457 5129 4458 0110
4458 4447 4459 1000
4301 4297 4460 0001
4455 4451 4461 0001
4461 4460 4462 1000
4462 5129 4463 0110
4463 4459 4464 1000
4464 4302 4465 1000
4465 4294 4466 1000
4215 3880 4467 1000
4215 3884 4468 0001
4468 4467 4469 1000
4225 3257 4470 1000
4225 3268 4471 0001
4471 4470 4472 1000
4472 5129 4473 0110
4473 4469 4474 1000
4293 4289 4475 1000
4475 4474 4476 1000
4476 5129 4477 0110
4477 4466 4478 1000
4473 4469 4479 0001
4215 3872 4480 1000
4215 4103 4481 0001
4481 4480 4482 1000
4225 3053 4483 1000
4225 3266 4484 0001
4484 4483 4485 1000
4485 5129 4486 0110
4486 4482 4487 0001
4487 4479 4488 1000
4488 5129 4489 0110
4489 4478 4490 1000
4486 4482 4491 1000
4285 4281 4492 1000
4492 4491 4493 1000
4493 5129 4494 0110
4494 4490 4495 1000
4495 4286 4496 1000
4496 4278 4497 1000
4277 4273 4498 0001
4215 3864 4499 1000
4215 4121 4500 0001
4500 4499 4501 1000
4225 3292 4502 1000
4225 3296 4503 0001
4503 4502 4504 1000
4504 5129 4505 0110
4505 4501 4506 0001
4506 4498 4507 1000
4507 5129 4508 0110
4508 4497 4509 1000
4505 4501 4510 1000
4269 4265 4511 1000
4511 4510 4512 1000
4512 5129 4513 0110
4513 4509 4514 1000
4514 4270 4515 1000
4515 4262 4516 1000
4215 4147 4517 1000
4215 4151 4518 0001
4518 4517 4519 1000
4225 3314 4520 1000
4225 3318 4521 0001
4521 4520 4522 1000
4522 5129 4523 0110
4523 4519 4524 0001
4261 4257 4525 0001
4525 4524 4526 1000
4526 5129 4527 0110
4527 4516 4528 1000
4523 4519 4529 1000
4253 4249 4530 1000
4530 4529 4531 1000
4531 5129 4532 0110
4532 4528 4533 1000
4533 4254 4534 1000
4534 4246 4535 1000
4245 4241 4536 0001
4215 4169 4537 1000
4215 4173 4538 0001
4538 4537 4539 1000
4225 3334 4540 1000
4225 3338 4541 0001
4541 4540 4542 1000
4542 5129 4543 0110
4543 4539 4544 0001
4544 4536 4545 1000
4545 5129 4546 0110
4546 4535 4547 1000
4543 4539 4548 1000
4237 4233 4549 1000
4549 4548 4550 1000
4550 5129 4551 0110
4551 4547 4552 1000
4552 4238 4553 1000
4553 4230 4554 1000
4229 4218 4555 0001
4215 4191 4556 1000
4215 4195 4557 0001
4557 4556 4558 1000
4225 3356 4559 1000
4225 3360 4560 0001
4560 4559 4561 1000
4561 5129 4562 0110
4562 4558 4563 0001
4563 4555 4564 1000
4564 5129 4565 0110
4565 4554 4566 1000
4562 4558 4567 1000
4215 3808 4568 1000
4215 3820 4569 0001
4569 4568 4570 1000
4225 2981 4571 1000
4225 2993 4572 0001
4572 4571 4573 1000
4573 5129 4574 0110
4574 4570 4575 1000
4575 4567 4576 1000
4576 5129 4577 0110
4577 4566 4578 1000
4574 4570 4579 0001
4208 3375 4580 0001
4580 2548 4581 1000
2165 5129 4582 0110
4582 1340 4583 1000
4582 1340 4584 0001
2546 4584 4585 1000
4585 5129 4586 0110
4586 2545 4587 1000
4587 4583 4588 1000
4588 2177 4589 0001
4588 2187 4590 1000
4590 4589 4591 1000
4591 5129 4592 0110
3375 5129 4593 0110
4208 4593 4594 1000
4208 4593 4595 0001
4579 4595 4596 1000
4596 5129 4597 0110
4597 4578 4598 1000
4598 4594 4599 1000
4599 4241 4600 1000
4599 4245 4601 0001
4601 4600 4602 1000
4602 4592 4603 0001
4588 2192 4604 0001
4588 2195 4605 1000
4605 4604 4606 1000
4606 5129 4607 0110
4599 4249 4608 1000
4599 4253 4609 0001
4609 4608 4610 1000
4610 4607 4611 1000
4588 2458 4612 0001
4588 2461 4613 1000
4613 4612 4614 1000
4614 5129 4615 0110
4599 4257 4616 1000
4599 4261 4617 0001
4617 4616 4618 1000
4618 4615 4619 0001
4588 2200 4620 0001
4588 2203 4621 1000
4621 4620 4622 1000
4622 5129 4623 0110
4599 4265 4624 1000
4599 4269 4625 0001
4625 4624 4626 1000
4626 4623 4627 1000
4588 2440 4628 0001
4588 2443 4629 1000
4629 4628 4630 1000
4630 5129 4631 0110
4599 4273 4632 1000
4599 4277 4633 0001
4633 4632 4634 1000
4634 4631 4635 0001
4588 2428 4636 0001
4588 2431 4637 1000
4637 4636 4638 1000
4638 5129 4639 0110
4599 4281 4640 1000
4599 4285 4641 0001
4641 4640 4642 1000
4642 4639 4643 1000
4588 2404 4644 0001
4588 2407 4645 1000
4645 4644 4646 1000
4646 5129 4647 0110
4599 4469 4648 1000
4599 4473 4649 0001
4649 4648 4650 1000
4650 4647 4651 0001
4588 2216 4652 0001
4588 2219 4653 1000
4653 4652 4654 1000
4654 5129 4655 0110
4599 4289 4656 1000
4599 4293 4657 0001
4657 4656 4658 1000
4658 4655 4659 1000
4588 2232 4660 0001
4588 2235 4661 1000
4661 4660 4662 1000
4662 5129 4663 0110
4599 4439 4664 1000
4599 4443 4665 0001
4665 4664 4666 1000
4666 4663 4667 1000
4588 2240 4668 0001
4588 2243 4669 1000
4669 4668 4670 1000
4670 5129 4671 0110
4599 4305 4672 1000
4599 4309 4673 0001
4673 4672 4674 1000
4674 4671 4675 0001
4588 2256 4676 0001
4588 2259 4677 1000
4677 4676 4678 1000
4678 5129 4679 0110
4599 4408 4680 1000
4599 4412 4681 0001
4681 4680 4682 1000
4682 4679 4683 0001
4588 2346 4684 0001
4588 2349 4685 1000
4685 4684 4686 1000
4686 5129 4687 0110
4599 4396 4688 1000
4599 4400 4689 0001
4689 4688 4690 1000
4690 4687 4691 1000
4588 2272 4692 0001
4588 2277 4693 1000
4693 4692 4694 1000
4694 5129 4695 0110
4331 5129 4696 0110
4599 4696 4697 1000
4334 5129 4698 0110
4599 4698 4699 0001
4699 4697 4700 1000
4700 4695 4701 0001
4588 2328 4702 0001
4588 2331 4703 1000
4703 4702 4704 1000
4704 5129 4705 0110
4599 4377 4706 1000
4599 4381 4707 0001
4707 4706 4708 1000
4708 4705 4709 1000
4588 2282 4710 0001
4588 2285 4711 1000
4711 4710 4712 1000
4599 4341 4713 0001
4599 4338 4714 1000
4714 4713 4715 1000
4715 4712 4716 0001
4716 5129 4717 0110
4599 5129 4718 0110
4718 4345 4719 0001
4718 4349 4720 1000
4720 4719 4721 1000
4588 5129 4722 0110
4722 2296 4723 0001
4722 2291 4724 1000
4724 4723 4725 1000
4725 4721 4726 0001
4726 4717 4727 0001
4588 2305 4728 0001
4588 2308 4729 1000
4729 4728 4730 1000
4599 4358 4731 0001
4599 4355 4732 1000
4732 4731 4733 1000
4733 4730 4734 1000
4715 4712 4735 1000
4735 4734 4736 1000
4736 5129 4737 0110
4737 4727 4738 1000
4733 4730 4739 0001
4588 2315 4740 0001
4588 2318 4741 1000
4741 4740 4742 1000
4599 4368 4743 0001
4599 4365 4744 1000
4744 4743 4745 1000
4745 4742 4746 0001
4746 4739 4747 1000
4747 5129 4748 0110
4748 4738 4749 1000
4745 4742 4750 1000
4708 4705 4751 0001
4751 4750 4752 1000
4752 5129 4753 0110
4753 4749 4754 1000
4754 4709 4755 1000
4755 4701 4756 1000
4700 4695 4757 1000
4588 2264 4758 0001
4588 2267 4759 1000
4759 4758 4760 1000
4760 5129 4761 0110
4599 4321 4762 1000
4599 4327 4763 0001
4763 4762 4764 1000
4764 4761 4765 1000
4765 4757 4766 1000
4766 5129 4767 0110
4767 4756 4768 1000
4764 4761 4769 0001
4690 4687 4770 0001
4770 4769 4771 1000
4771 5129 4772 0110
4772 4768 4773 1000
4773 4691 4774 1000
4774 4683 4775 1000
4682 4679 4776 1000
4588 2248 4777 0001
4588 2251 4778 1000
4778 4777 4779 1000
4779 5129 4780 0110
4599 4420 4781 1000
4599 4424 4782 0001
4782 4781 4783 1000
4783 4780 4784 1000
4784 4776 4785 1000
4785 5129 4786 0110
4786 4775 4787 1000
4783 4780 4788 0001
4588 2366 4789 0001
4588 2369 4790 1000
4790 4789 4791 1000
4791 5129 4792 0110
4599 4313 4793 1000
4599 4317 4794 0001
4794 4793 4795 1000
4795 4792 4796 0001
4796 4788 4797 1000
4797 5129 4798 0110
4798 4787 4799 1000
4674 4671 4800 1000
4795 4792 4801 1000
4801 4800 4802 1000
4802 5129 4803 0110
4803 4799 4804 1000
4804 4675 4805 1000
4805 4667 4806 1000
4588 2385 4807 0001
4588 2388 4808 1000
4808 4807 4809 1000
4809 5129 4810 0110
4599 4451 4811 1000
4599 4455 4812 0001
4812 4811 4813 1000
4813 4810 4814 0001
4666 4663 4815 0001
4815 4814 4816 1000
4816 5129 4817 0110
4817 4806 4818 1000
4813 4810 4819 1000
4588 2224 4820 0001
4588 2227 4821 1000
4821 4820 4822 1000
4822 5129 4823 0110
4599 4297 4824 1000
4599 4301 4825 0001
4825 4824 4826 1000
4826 4823 4827 1000
4827 4819 4828 1000
4828 5129 4829 0110
4829 4818 4830 1000
4826 4823 4831 0001
4658 4655 4832 0001
4832 4831 4833 1000
4833 5129 4834 0110
4834 4830 4835 1000
4835 4659 4836 1000
4836 4651 4837 1000
4588 2416 4838 0001
4588 2419 4839 1000
4839 4838 4840 1000
4840 5129 4841 0110
4599 4482 4842 1000
4599 4486 4843 0001
4843 4842 4844 1000
4844 4841 4845 1000
4650 4647 4846 1000
4846 4845 4847 1000
4847 5129 4848 0110
4848 4837 4849 1000
4844 4841 4850 0001
4642 4639 4851 0001
4851 4850 4852 1000
4852 5129 4853 0110
4853 4849 4854 1000
4854 4643 4855 1000
4855 4635 4856 1000
4588 2208 4857 0001
4588 2211 4858 1000
4858 4857 4859 1000
4859 5129 4860 0110
4599 4501 4861 1000
4599 4505 4862 0001
4862 4861 4863 1000
4863 4860 4864 1000
4634 4631 4865 1000
4865 4864 4866 1000
4866 5129 4867 0110
4867 4856 4868 1000
4863 4860 4869 0001
4626 4623 4870 0001
4870 4869 4871 1000
4871 5129 4872 0110
4872 4868 4873 1000
4873 4627 4874 1000
4874 4619 4875 1000
4618 4615 4876 1000
4588 2471 4877 0001
4588 2474 4878 1000
4878 4877 4879 1000
4879 5129 4880 0110
4599 4519 4881 1000
4599 4523 4882 0001
4882 4881 4883 1000
4883 4880 4884 1000
4884 4876 4885 1000
4885 5129 4886 0110
4886 4875 4887 1000
4883 4880 4888 0001
4610 4607 4889 0001
4889 4888 4890 1000
4890 5129 4891 0110
4891 4887 4892 1000
4892 4611 4893 1000
4893 4603 4894 1000
4602 4592 4895 1000
4588 2490 4896 0001
4588 2493 4897 1000
4897 4896 4898 1000
4898 5129 4899 0110
4599 4539 4900 1000
4599 4543 4901 0001
4901 4900 4902 1000
4902 4899 4903 1000
4903 4895 4904 1000
4904 5129 4905 0110
4905 4894 4906 1000
4902 4899 4907 0001
4588 2502 4908 0001
4588 2505 4909 1000
4909 4908 4910 1000
4910 5129 4911 0110
4599 4233 4912 1000
4599 4237 4913 0001
4913 4912 4914 1000
4914 4911 4915 0001
4915 4907 4916 1000
4916 5129 4917 0110
4917 4906 4918 1000
4914 4911 4919 1000
4588 2513 4920 0001
4588 2516 4921 1000
4921 4920 4922 1000
4922 5129 4923 0110
4599 4218 4924 1000
4599 4229 4925 0001
4925 4924 4926 1000
4926 4923 4927 1000
4927 4919 4928 1000
4928 5129 4929 0110
4929 4918 4930 1000
4926 4923 4931 0001
4588 2525 4932 0001
4588 2528 4933 1000
4933 4932 4934 1000
4934 5129 4935 0110
4599 4558 4936 1000
4599 4562 4937 0001
4937 4936 4938 1000
4938 4935 4939 0001
4939 4931 4940 1000
4940 5129 4941 0110
4941 4930 4942 1000
4588 2537 4943 0001
4588 2540 4944 1000
4944 4943 4945 1000
4945 5129 4946 0110
4599 4570 4947 1000
4599 4574 4948 0001
4948 4947 4949 1000
4949 4946 4950 1000
4938 4935 4951 1000
4951 4950 4952 1000
4952 5129 4953 0110
4953 4942 4954 1000
4580 2548 4955 0001
4949 4946 4956 0001
4956 4955 4957 1000
4957 5129 4958 0110
4958 4954 4959 1000
4959 4581 4960 1000
4960 5129 4961 0110
4721 5129 4962 0110
4960 4962 4963 1000
4725 5129 4964 0110
4960 4964 4965 0001
4965 4963 4966 1000
4960 4715 4967 1000
4960 4712 4968 0001
4968 4967 4969 1000
4960 4733 4970 1000
4960 4730 4971 0001
4971 4970 4972 1000
4960 4745 4973 1000
4960 4742 4974 0001
4974 4973 4975 1000
4708 5129 4976 0110
4960 4976 4977 1000
4960 4704 4978 0001
4978 4977 4979 1000
4700 5129 4980 0110
4960 4980 4981 1000
4960 4694 4982 0001
4982 4981 4983 1000
4764 5129 4984 0110
4960 4984 4985 1000
4960 4760 4986 0001
4986 4985 4987 1000
4690 5129 4988 0110
4960 4988 4989 1000
4960 4686 4990 0001
4990 4989 4991 1000
4682 5129 4992 0110
4960 4992 4993 1000
4960 4678 4994 0001
4994 4993 4995 1000
4783 5129 4996 0110
4960 4996 4997 1000
4960 4779 4998 0001
4998 4997 4999 1000
4795 5129 5000 0110
4960 5000 5001 1000
4960 4791 5002 0001
5002 5001 5003 1000
4674 5129 5004 0110
4960 5004 5005 1000
4960 4670 5006 0001
5006 5005 5007 1000
4666 5129 5008 0110
4960 5008 5009 1000
4960 4662 5010 0001
5010 5009 5011 1000
4813 5129 5012 0110
4960 5012 5013 1000
4960 4809 5014 0001
5014 5013 5015 1000
4826 5129 5016 0110
4960 5016 5017 1000
4960 4822 5018 0001
5018 5017 5019 1000
4658 5129 5020 0110
4960 5020 5021 1000
4960 4654 5022 0001
5022 5021 5023 1000
4650 5129 5024 0110
4960 5024 5025 1000
4960 4646 5026 0001
5026 5025 5027 1000
4844 5129 5028 0110
4960 5028 5029 1000
4960 4840 5030 0001
5030 5029 5031 1000
4642 5129 5032 0110
4960 5032 5033 1000
4960 4638 5034 0001
5034 5033 5035 1000
4634 5129 5036 0110
4960 5036 5037 1000
4960 4630 5038 0001
5038 5037 5039 1000
4863 5129 5040 0110
4960 5040 5041 1000
4960 4859 5042 0001
5042 5041 5043 1000
4626 5129 5044 0110
4960 5044 5045 1000
4960 4622 5046 0001
5046 5045 5047 1000
4618 5129 5048 0110
4960 5048 5049 1000
4960 4614 5050 0001
5050 5049 5051 1000
4883 5129 5052 0110
4960 5052 5053 1000
4960 4879 5054 0001
5054 5053 5055 1000
4610 5129 5056 0110
4960 5056 5057 1000
4960 4606 5058 0001
5058 5057 5059 1000
4602 5129 5060 0110
4960 5060 5061 1000
4960 4591 5062 0001
5062 5061 5063 1000
4902 5129 5064 0110
4960 5064 5065 1000
4960 4898 5066 0001
5066 5065 5067 1000
4914 5129 5068 0110
4960 5068 5069 1000
4960 4910 5070 0001
5070 5069 5071 1000
4926 5129 5072 0110
4960 5072 5073 1000
4960 4922 5074 0001
5074 5073 5075 1000
4938 5129 5076 0110
4960 5076 5077 1000
4960 4934 5078 0001
5078 5077 5079 1000
4949 5129 5080 0110
4960 5080 5081 1000
4960 4945 5082 0001
5082 5081 5083 1000
4580 2547 5084 0001
5084 5129 5085 0110
4960 4599 5086 1000
4960 4588 5087 0001
5087 5086 5088 1000
5088 2173 5089 1000
2184 5129 5090 0110
4588 5090 5091 1000
5091 5129 5092 0110
5092 4960 5093 0001
5093 5129 5094 0110
5094 5089 5095 1000
4215 5129 5096 0110
5088 5096 5097 1000
4599 4225 5098 0001
5098 4960 5099 1000
5099 5129 5100 0110
5100 5097 5101 1000
5101 5095 5102 1000
5088 952 5103 0001
4960 4722 5104 0001
4960 4718 5105 1000
5105 5104 5106 1000
5106 1781 5107 0001
5107 5103 5108 1000
5108 5129 5109 0110
5109 5102 5110 0001
5088 941 5111 0001
5106 1770 5112 0001
5112 5111 5113 1000
5113 5102 5114 1000
5114 5110 5115 1000
5115 4961 5116 1000
5088 2989 5117 0001
5106 3816 5118 0001
5118 5117 5119 1000
5119 5129 5120 0110
5120 5102 5121 0001
5088 2978 5122 0001
5106 3805 5123 0001
5123 5122 5124 1000
5124 5102 5125 1000
5125 5121 5126 1000
5126 4960 5127 1000
5127 5116 5128 1000
