# first row is comment
2273 16 2529
P0 16
0
1
2
3
4
5
6
7
8
9
10
11
12
13
14
15
P1 16
16
17
18
19
20
21
22
23
24
25
26
27
28
29
30
31
P2 16
32
33
34
35
36
37
38
39
40
41
42
43
44
45
46
47
P3 16
48
49
50
51
52
53
54
55
56
57
58
59
60
61
62
63
P4 16
64
65
66
67
68
69
70
71
72
73
74
75
76
77
78
79
P5 16
80
81
82
83
84
85
86
87
88
89
90
91
92
93
94
95
P6 16
96
97
98
99
100
101
102
103
104
105
106
107
108
109
110
111
P7 16
112
113
114
115
116
117
118
119
120
121
122
123
124
125
126
127
P8 16
128
129
130
131
132
133
134
135
136
137
138
139
140
141
142
143
P9 16
144
145
146
147
148
149
150
151
152
153
154
155
156
157
158
159
P10 16
160
161
162
163
164
165
166
167
168
169
170
171
172
173
174
175
P11 16
176
177
178
179
180
181
182
183
184
185
186
187
188
189
190
191
P12 16
192
193
194
195
196
197
198
199
200
201
202
203
204
205
206
207
P13 16
208
209
210
211
212
213
214
215
216
217
218
219
220
221
222
223
P14 16
224
225
226
227
228
229
230
231
232
233
234
235
236
237
238
239
P15 16
240
241
242
243
244
245
246
247
248
249
250
251
252
253
254
255
Out 20
2527
2504
2489
2435
2440
2443
2446
2449
2452
2455
2458
2461
2464
2467
2470
2473
2476
2479
2482
2484
# list of gates
0 0 2528 1001
161 2528 256 0110
177 256 257 0001
162 2528 258 0110
178 258 259 0001
257 259 260 1000
176 2528 261 0110
261 160 262 0001
177 2528 263 0110
263 161 264 0001
262 264 265 1000
265 2528 266 0110
260 266 267 0001
179 2528 268 0110
268 163 269 0001
178 2528 270 0110
270 162 271 0001
271 269 272 1000
272 2528 273 0110
273 267 274 1000
163 2528 275 0110
179 275 276 0001
164 2528 277 0110
180 277 278 0001
278 276 279 1000
279 2528 280 0110
280 274 281 1000
180 2528 282 0110
282 164 283 0001
181 2528 284 0110
284 165 285 0001
285 283 286 1000
286 2528 287 0110
287 281 288 1000
165 2528 289 0110
181 289 290 0001
166 2528 291 0110
182 291 292 0001
292 290 293 1000
293 2528 294 0110
294 288 295 1000
182 2528 296 0110
296 166 297 0001
183 2528 298 0110
298 167 299 0001
299 297 300 1000
300 2528 301 0110
301 295 302 1000
167 2528 303 0110
183 303 304 0001
168 2528 305 0110
184 305 306 0001
306 304 307 1000
307 2528 308 0110
308 302 309 1000
184 2528 310 0110
310 168 311 0001
185 2528 312 0110
312 169 313 0001
313 311 314 1000
314 2528 315 0110
315 309 316 1000
169 2528 317 0110
185 317 318 0001
170 2528 319 0110
186 319 320 0001
320 318 321 1000
321 2528 322 0110
322 316 323 1000
186 2528 324 0110
324 170 325 0001
187 2528 326 0110
326 171 327 0001
327 325 328 1000
328 2528 329 0110
329 323 330 1000
171 2528 331 0110
187 331 332 0001
172 2528 333 0110
188 333 334 0001
334 332 335 1000
335 2528 336 0110
336 330 337 1000
188 2528 338 0110
338 172 339 0001
189 2528 340 0110
340 173 341 0001
341 339 342 1000
342 2528 343 0110
343 337 344 1000
173 2528 345 0110
189 345 346 0001
174 2528 347 0110
190 347 348 0001
348 346 349 1000
349 2528 350 0110
350 344 351 1000
190 2528 352 0110
352 174 353 0001
191 175 354 1000
145 2528 355 0110
355 129 356 0001
144 2528 357 0110
357 128 358 0001
358 356 359 1000
359 2528 360 0110
130 2528 361 0110
146 361 362 0001
129 2528 363 0110
145 363 364 0001
364 362 365 1000
365 360 366 0001
147 2528 367 0110
367 131 368 0001
146 2528 369 0110
369 130 370 0001
370 368 371 1000
371 2528 372 0110
372 366 373 1000
131 2528 374 0110
147 374 375 0001
132 2528 376 0110
148 376 377 0001
377 375 378 1000
378 2528 379 0110
379 373 380 1000
148 2528 381 0110
381 132 382 0001
149 2528 383 0110
383 133 384 0001
384 382 385 1000
385 2528 386 0110
386 380 387 1000
133 2528 388 0110
149 388 389 0001
134 2528 390 0110
150 390 391 0001
391 389 392 1000
392 2528 393 0110
393 387 394 1000
150 2528 395 0110
395 134 396 0001
151 2528 397 0110
397 135 398 0001
398 396 399 1000
399 2528 400 0110
400 394 401 1000
135 2528 402 0110
151 402 403 0001
136 2528 404 0110
152 404 405 0001
405 403 406 1000
406 2528 407 0110
407 401 408 1000
152 2528 409 0110
409 136 410 0001
153 2528 411 0110
411 137 412 0001
412 410 413 1000
413 2528 414 0110
414 408 415 1000
137 2528 416 0110
153 416 417 0001
138 2528 418 0110
154 418 419 0001
419 417 420 1000
420 2528 421 0110
421 415 422 1000
154 2528 423 0110
423 138 424 0001
155 2528 425 0110
425 139 426 0001
426 424 427 1000
427 2528 428 0110
428 422 429 1000
139 2528 430 0110
155 430 431 0001
140 2528 432 0110
156 432 433 0001
433 431 434 1000
434 2528 435 0110
435 429 436 1000
156 2528 437 0110
437 140 438 0001
157 2528 439 0110
439 141 440 0001
440 438 441 1000
441 2528 442 0110
442 436 443 1000
141 2528 444 0110
157 444 445 0001
142 2528 446 0110
158 446 447 0001
447 445 448 1000
448 2528 449 0110
449 443 450 1000
158 2528 451 0110
451 142 452 0001
159 143 453 1000
453 354 454 0001
159 2528 455 0110
455 143 456 0001
456 452 457 1000
457 2528 458 0110
458 450 459 1000
143 2528 460 0110
159 460 461 0001
461 459 462 1000
462 141 463 0001
462 439 464 1000
464 463 465 1000
453 2528 466 0110
466 354 467 0001
462 140 468 0001
462 437 469 1000
469 468 470 1000
470 2528 471 0110
191 2528 472 0110
472 175 473 0001
473 353 474 1000
474 2528 475 0110
475 351 476 1000
175 2528 477 0110
191 477 478 0001
478 476 479 1000
479 172 480 0001
479 338 481 1000
481 480 482 1000
482 471 483 0001
462 139 484 0001
462 425 485 1000
485 484 486 1000
479 171 487 0001
479 326 488 1000
488 487 489 1000
489 2528 490 0110
490 486 491 0001
462 137 492 0001
462 411 493 1000
493 492 494 1000
494 2528 495 0110
479 169 496 0001
479 312 497 1000
497 496 498 1000
498 495 499 0001
462 136 500 0001
462 409 501 1000
501 500 502 1000
479 168 503 0001
479 310 504 1000
504 503 505 1000
505 2528 506 0110
506 502 507 0001
462 134 508 0001
462 395 509 1000
509 508 510 1000
510 2528 511 0110
479 166 512 0001
479 296 513 1000
513 512 514 1000
514 511 515 0001
462 388 516 0001
462 149 517 1000
517 516 518 1000
479 165 519 0001
479 284 520 1000
520 519 521 1000
521 518 522 1000
462 363 523 0001
462 145 524 1000
524 523 525 1000
479 161 526 0001
479 263 527 1000
527 526 528 1000
528 525 529 0001
128 2528 530 0110
462 530 531 0001
462 144 532 1000
532 531 533 1000
479 160 534 0001
479 261 535 1000
535 534 536 1000
536 533 537 0001
537 529 538 1000
538 2528 539 0110
462 130 540 0001
462 369 541 1000
541 540 542 1000
479 162 543 0001
479 270 544 1000
544 543 545 1000
545 2528 546 0110
546 542 547 0001
528 525 548 1000
548 547 549 1000
549 539 550 0001
542 2528 551 0110
545 551 552 0001
462 131 553 0001
462 367 554 1000
554 553 555 1000
555 2528 556 0110
479 163 557 0001
479 268 558 1000
558 557 559 1000
559 556 560 0001
560 552 561 1000
561 2528 562 0110
562 550 563 1000
559 2528 564 0110
564 555 565 0001
462 132 566 0001
462 381 567 1000
567 566 568 1000
479 164 569 0001
479 282 570 1000
570 569 571 1000
571 2528 572 0110
572 568 573 0001
573 565 574 1000
574 2528 575 0110
575 563 576 1000
568 2528 577 0110
571 577 578 0001
521 518 579 0001
579 578 580 1000
580 2528 581 0110
581 576 582 1000
582 522 583 1000
583 515 584 1000
514 2528 585 0110
585 510 586 0001
462 135 587 0001
462 397 588 1000
588 587 589 1000
479 167 590 0001
479 298 591 1000
591 590 592 1000
592 2528 593 0110
593 589 594 0001
594 586 595 1000
595 2528 596 0110
596 584 597 1000
589 2528 598 0110
592 598 599 0001
502 2528 600 0110
505 600 601 0001
601 599 602 1000
602 2528 603 0110
603 597 604 1000
604 507 605 1000
605 499 606 1000
498 2528 607 0110
607 494 608 0001
462 138 609 0001
462 423 610 1000
610 609 611 1000
479 170 612 0001
479 324 613 1000
613 612 614 1000
614 2528 615 0110
615 611 616 0001
616 608 617 1000
617 2528 618 0110
618 606 619 1000
611 2528 620 0110
614 620 621 0001
486 2528 622 0110
489 622 623 0001
623 621 624 1000
624 2528 625 0110
625 619 626 1000
626 491 627 1000
627 483 628 1000
479 173 629 0001
479 340 630 1000
630 629 631 1000
631 2528 632 0110
632 465 633 0001
482 2528 634 0110
634 470 635 0001
635 633 636 1000
636 2528 637 0110
637 628 638 1000
465 2528 639 0110
631 639 640 0001
479 174 641 0001
479 352 642 1000
642 641 643 1000
462 142 644 0001
462 451 645 1000
645 644 646 1000
646 2528 647 0110
647 643 648 0001
648 640 649 1000
649 2528 650 0110
650 638 651 1000
354 2528 652 0110
453 652 653 0001
643 2528 654 0110
646 654 655 0001
655 653 656 1000
656 2528 657 0110
657 651 658 1000
658 467 659 1000
659 465 660 1000
659 632 661 0001
661 660 662 1000
223 2528 663 0110
663 207 664 0001
222 2528 665 0110
665 206 666 0001
664 666 667 1000
667 2528 668 0110
206 2528 669 0110
222 669 670 0001
205 2528 671 0110
221 671 672 0001
670 672 673 1000
673 2528 674 0110
221 2528 675 0110
675 205 676 0001
220 2528 677 0110
677 204 678 0001
676 678 679 1000
679 2528 680 0110
204 2528 681 0110
220 681 682 0001
203 2528 683 0110
219 683 684 0001
682 684 685 1000
685 2528 686 0110
219 2528 687 0110
687 203 688 0001
218 2528 689 0110
689 202 690 0001
688 690 691 1000
691 2528 692 0110
202 2528 693 0110
218 693 694 0001
201 2528 695 0110
217 695 696 0001
694 696 697 1000
697 2528 698 0110
217 2528 699 0110
699 201 700 0001
216 2528 701 0110
701 200 702 0001
700 702 703 1000
703 2528 704 0110
200 2528 705 0110
216 705 706 0001
199 2528 707 0110
215 707 708 0001
706 708 709 1000
709 2528 710 0110
215 2528 711 0110
711 199 712 0001
214 2528 713 0110
713 198 714 0001
712 714 715 1000
715 2528 716 0110
198 2528 717 0110
214 717 718 0001
197 2528 719 0110
213 719 720 0001
718 720 721 1000
721 2528 722 0110
213 2528 723 0110
723 197 724 0001
212 2528 725 0110
725 196 726 0001
724 726 727 1000
727 2528 728 0110
196 2528 729 0110
212 729 730 0001
195 2528 731 0110
211 731 732 0001
730 732 733 1000
733 2528 734 0110
210 2528 735 0110
735 194 736 0001
211 2528 737 0110
737 195 738 0001
736 738 739 1000
739 2528 740 0110
208 2528 741 0110
741 192 742 0001
209 2528 743 0110
743 193 744 0001
742 744 745 1000
193 2528 746 0110
209 746 747 0001
745 747 748 1000
194 2528 749 0110
210 749 750 0001
750 2528 751 0110
748 751 752 0001
740 752 753 1000
734 753 754 1000
728 754 755 1000
722 755 756 1000
716 756 757 1000
710 757 758 1000
704 758 759 1000
698 759 760 1000
692 760 761 1000
686 761 762 1000
680 762 763 1000
674 763 764 1000
668 764 765 1000
207 2528 766 0110
223 766 767 0001
767 765 768 1000
768 205 769 0001
768 675 770 1000
770 769 771 1000
771 2528 772 0110
255 2528 773 0110
773 239 774 0001
254 2528 775 0110
775 238 776 0001
774 776 777 1000
777 2528 778 0110
238 2528 779 0110
254 779 780 0001
237 2528 781 0110
253 781 782 0001
780 782 783 1000
783 2528 784 0110
253 2528 785 0110
785 237 786 0001
252 2528 787 0110
787 236 788 0001
786 788 789 1000
789 2528 790 0110
236 2528 791 0110
252 791 792 0001
235 2528 793 0110
251 793 794 0001
792 794 795 1000
795 2528 796 0110
251 2528 797 0110
797 235 798 0001
250 2528 799 0110
799 234 800 0001
798 800 801 1000
801 2528 802 0110
234 2528 803 0110
250 803 804 0001
233 2528 805 0110
249 805 806 0001
804 806 807 1000
807 2528 808 0110
249 2528 809 0110
809 233 810 0001
248 2528 811 0110
811 232 812 0001
810 812 813 1000
813 2528 814 0110
232 2528 815 0110
248 815 816 0001
231 2528 817 0110
247 817 818 0001
816 818 819 1000
819 2528 820 0110
247 2528 821 0110
821 231 822 0001
246 2528 823 0110
823 230 824 0001
822 824 825 1000
825 2528 826 0110
229 2528 827 0110
245 827 828 0001
230 2528 829 0110
246 829 830 0001
828 830 831 1000
831 2528 832 0110
244 2528 833 0110
833 228 834 0001
245 2528 835 0110
835 229 836 0001
834 836 837 1000
837 2528 838 0110
228 2528 839 0110
244 839 840 0001
227 2528 841 0110
243 841 842 0001
840 842 843 1000
843 2528 844 0110
242 2528 845 0110
845 226 846 0001
243 2528 847 0110
847 227 848 0001
846 848 849 1000
849 2528 850 0110
225 2528 851 0110
241 851 852 0001
226 2528 853 0110
242 853 854 0001
852 854 855 1000
240 2528 856 0110
856 224 857 0001
241 2528 858 0110
858 225 859 0001
857 859 860 1000
860 2528 861 0110
855 861 862 0001
850 862 863 1000
844 863 864 1000
838 864 865 1000
832 865 866 1000
826 866 867 1000
820 867 868 1000
814 868 869 1000
808 869 870 1000
802 870 871 1000
796 871 872 1000
790 872 873 1000
784 873 874 1000
778 874 875 1000
239 2528 876 0110
255 876 877 0001
877 875 878 1000
878 237 879 0001
878 785 880 1000
880 879 881 1000
881 772 882 0001
768 204 883 0001
768 677 884 1000
884 883 885 1000
878 236 886 0001
878 787 887 1000
887 886 888 1000
888 2528 889 0110
889 885 890 0001
768 194 891 0001
768 735 892 1000
892 891 893 1000
878 853 894 0001
878 242 895 1000
895 894 896 1000
896 893 897 1000
768 193 898 0001
768 743 899 1000
899 898 900 1000
878 225 901 0001
878 858 902 1000
902 901 903 1000
903 2528 904 0110
904 900 905 0001
192 2528 906 0110
768 906 907 0001
768 208 908 1000
908 907 909 1000
878 224 910 0001
878 856 911 1000
911 910 912 1000
912 909 913 0001
900 2528 914 0110
903 914 915 0001
915 913 916 1000
916 905 917 1000
917 897 918 1000
896 893 919 0001
768 195 920 0001
768 737 921 1000
921 920 922 1000
878 841 923 0001
878 243 924 1000
924 923 925 1000
925 922 926 0001
926 919 927 1000
927 2528 928 0110
928 918 929 1000
925 922 930 1000
768 196 931 0001
768 725 932 1000
932 931 933 1000
933 2528 934 0110
878 228 935 0001
878 833 936 1000
936 935 937 1000
937 934 938 0001
938 930 939 1000
939 2528 940 0110
940 929 941 1000
768 197 942 0001
768 723 943 1000
943 942 944 1000
878 229 945 0001
878 835 946 1000
946 945 947 1000
947 2528 948 0110
948 944 949 0001
937 2528 950 0110
950 933 951 0001
951 949 952 1000
952 2528 953 0110
953 941 954 1000
768 198 955 0001
768 713 956 1000
956 955 957 1000
957 2528 958 0110
878 230 959 0001
878 823 960 1000
960 959 961 1000
961 958 962 0001
944 2528 963 0110
947 963 964 0001
964 962 965 1000
965 2528 966 0110
966 954 967 1000
961 2528 968 0110
968 957 969 0001
768 199 970 0001
768 711 971 1000
971 970 972 1000
878 231 973 0001
878 821 974 1000
974 973 975 1000
975 2528 976 0110
976 972 977 0001
977 969 978 1000
978 2528 979 0110
979 967 980 1000
972 2528 981 0110
975 981 982 0001
768 200 983 0001
768 701 984 1000
984 983 985 1000
985 2528 986 0110
878 232 987 0001
878 811 988 1000
988 987 989 1000
989 986 990 0001
990 982 991 1000
991 2528 992 0110
992 980 993 1000
768 201 994 0001
768 699 995 1000
995 994 996 1000
878 233 997 0001
878 809 998 1000
998 997 999 1000
999 2528 1000 0110
1000 996 1001 0001
989 2528 1002 0110
1002 985 1003 0001
1003 1001 1004 1000
1004 2528 1005 0110
1005 993 1006 1000
768 202 1007 0001
768 689 1008 1000
1008 1007 1009 1000
1009 2528 1010 0110
878 234 1011 0001
878 799 1012 1000
1012 1011 1013 1000
1013 1010 1014 0001
996 2528 1015 0110
999 1015 1016 0001
1016 1014 1017 1000
1017 2528 1018 0110
1018 1006 1019 1000
1013 2528 1020 0110
1020 1009 1021 0001
768 203 1022 0001
768 687 1023 1000
1023 1022 1024 1000
878 235 1025 0001
878 797 1026 1000
1026 1025 1027 1000
1027 2528 1028 0110
1028 1024 1029 0001
1029 1021 1030 1000
1030 2528 1031 0110
1031 1019 1032 1000
1024 2528 1033 0110
1027 1033 1034 0001
885 2528 1035 0110
888 1035 1036 0001
1036 1034 1037 1000
1037 2528 1038 0110
1038 1032 1039 1000
1039 890 1040 1000
1040 882 1041 1000
881 2528 1042 0110
1042 771 1043 0001
878 238 1044 0001
878 775 1045 1000
1045 1044 1046 1000
1046 2528 1047 0110
768 206 1048 0001
768 665 1049 1000
1049 1048 1050 1000
1050 1047 1051 0001
1051 1043 1052 1000
1052 2528 1053 0110
1053 1041 1054 1000
1050 2528 1055 0110
1055 1046 1056 0001
223 207 1057 1000
1057 2528 1058 0110
255 239 1059 1000
1059 1058 1060 0001
1060 1056 1061 1000
1061 2528 1062 0110
1062 1054 1063 1000
1059 2528 1064 0110
1064 1057 1065 0001
1065 1063 1066 1000
1066 772 1067 0001
1066 881 1068 1000
1068 1067 1069 1000
1069 2528 1070 0110
1070 662 1071 1000
659 470 1072 1000
659 634 1073 0001
1073 1072 1074 1000
1066 1035 1075 0001
1066 888 1076 1000
1076 1075 1077 1000
1077 2528 1078 0110
1078 1074 1079 0001
659 611 1080 1000
659 615 1081 0001
1081 1080 1082 1000
1066 1010 1083 0001
1066 1013 1084 1000
1084 1083 1085 1000
1085 2528 1086 0110
1086 1082 1087 1000
659 494 1088 1000
659 607 1089 0001
1089 1088 1090 1000
1066 1015 1091 0001
1066 999 1092 1000
1092 1091 1093 1000
1093 2528 1094 0110
1094 1090 1095 0001
659 589 1096 1000
659 593 1097 0001
1097 1096 1098 1000
1066 981 1099 0001
1066 975 1100 1000
1100 1099 1101 1000
1101 2528 1102 0110
1102 1098 1103 1000
659 510 1104 1000
659 585 1105 0001
1105 1104 1106 1000
1066 958 1107 0001
1066 961 1108 1000
1108 1107 1109 1000
1109 2528 1110 0110
1110 1106 1111 0001
659 542 1112 1000
659 546 1113 0001
1113 1112 1114 1000
1066 896 1115 1000
1066 893 1116 0001
1116 1115 1117 1000
1117 1114 1118 1000
659 528 1119 0001
659 525 1120 1000
1120 1119 1121 1000
1066 914 1122 0001
1066 903 1123 1000
1123 1122 1124 1000
1124 1121 1125 1000
1124 1121 1126 0001
659 536 1127 0001
659 533 1128 1000
1128 1127 1129 1000
1066 909 1130 0001
1066 912 1131 1000
1131 1130 1132 1000
1132 1129 1133 0001
1133 1126 1134 1000
1134 1125 1135 1000
1135 1118 1136 1000
659 555 1137 1000
659 564 1138 0001
1138 1137 1139 1000
1066 925 1140 1000
1066 922 1141 0001
1141 1140 1142 1000
1142 1139 1143 0001
1117 1114 1144 0001
1144 1143 1145 1000
1145 2528 1146 0110
1146 1136 1147 1000
659 568 1148 1000
659 572 1149 0001
1149 1148 1150 1000
1066 934 1151 0001
1066 937 1152 1000
1152 1151 1153 1000
1153 2528 1154 0110
1154 1150 1155 1000
1142 1139 1156 1000
1156 1155 1157 1000
1157 2528 1158 0110
1158 1147 1159 1000
1154 1150 1160 0001
518 2528 1161 0110
659 1161 1162 1000
521 2528 1163 0110
659 1163 1164 0001
1164 1162 1165 1000
1066 963 1166 0001
1066 947 1167 1000
1167 1166 1168 1000
1168 2528 1169 0110
1169 1165 1170 0001
1170 1160 1171 1000
1171 2528 1172 0110
1172 1159 1173 1000
1169 1165 1174 1000
1110 1106 1175 1000
1175 1174 1176 1000
1176 2528 1177 0110
1177 1173 1178 1000
1178 1111 1179 1000
1179 1103 1180 1000
1102 1098 1181 0001
659 502 1182 1000
659 506 1183 0001
1183 1182 1184 1000
1066 986 1185 0001
1066 989 1186 1000
1186 1185 1187 1000
1187 2528 1188 0110
1188 1184 1189 0001
1189 1181 1190 1000
1190 2528 1191 0110
1191 1180 1192 1000
1188 1184 1193 1000
1094 1090 1194 1000
1194 1193 1195 1000
1195 2528 1196 0110
1196 1192 1197 1000
1197 1095 1198 1000
1198 1087 1199 1000
659 486 1200 1000
659 490 1201 0001
1201 1200 1202 1000
1066 1033 1203 0001
1066 1027 1204 1000
1204 1203 1205 1000
1205 2528 1206 0110
1206 1202 1207 0001
1086 1082 1208 0001
1208 1207 1209 1000
1209 2528 1210 0110
1210 1199 1211 1000
1206 1202 1212 1000
1078 1074 1213 1000
1213 1212 1214 1000
1214 2528 1215 0110
1215 1211 1216 1000
1216 1079 1217 1000
1217 1071 1218 1000
1070 662 1219 0001
659 646 1220 1000
659 654 1221 0001
1221 1220 1222 1000
1066 1055 1223 0001
1066 1046 1224 1000
1224 1223 1225 1000
1225 2528 1226 0110
1226 1222 1227 0001
1227 1219 1228 1000
1228 2528 1229 0110
1229 1218 1230 1000
1226 1222 1231 1000
1059 1057 1232 0001
454 1232 1233 0001
1233 2528 1234 0110
49 2528 1235 0110
1235 33 1236 0001
48 2528 1237 0110
1237 32 1238 0001
1238 1236 1239 1000
1239 2528 1240 0110
34 2528 1241 0110
50 1241 1242 0001
33 2528 1243 0110
49 1243 1244 0001
1244 1242 1245 1000
1245 1240 1246 0001
51 2528 1247 0110
1247 35 1248 0001
50 2528 1249 0110
1249 34 1250 0001
1250 1248 1251 1000
1251 2528 1252 0110
1252 1246 1253 1000
35 2528 1254 0110
51 1254 1255 0001
36 2528 1256 0110
52 1256 1257 0001
1257 1255 1258 1000
1258 2528 1259 0110
1259 1253 1260 1000
52 2528 1261 0110
1261 36 1262 0001
53 2528 1263 0110
1263 37 1264 0001
1264 1262 1265 1000
1265 2528 1266 0110
1266 1260 1267 1000
38 2528 1268 0110
54 1268 1269 0001
37 2528 1270 0110
53 1270 1271 0001
1271 1269 1272 1000
1272 2528 1273 0110
1273 1267 1274 1000
54 2528 1275 0110
1275 38 1276 0001
55 2528 1277 0110
1277 39 1278 0001
1278 1276 1279 1000
1279 2528 1280 0110
1280 1274 1281 1000
39 2528 1282 0110
55 1282 1283 0001
40 2528 1284 0110
56 1284 1285 0001
1285 1283 1286 1000
1286 2528 1287 0110
1287 1281 1288 1000
56 2528 1289 0110
1289 40 1290 0001
57 2528 1291 0110
1291 41 1292 0001
1292 1290 1293 1000
1293 2528 1294 0110
1294 1288 1295 1000
41 2528 1296 0110
57 1296 1297 0001
42 2528 1298 0110
58 1298 1299 0001
1299 1297 1300 1000
1300 2528 1301 0110
1301 1295 1302 1000
58 2528 1303 0110
1303 42 1304 0001
59 2528 1305 0110
1305 43 1306 0001
1306 1304 1307 1000
1307 2528 1308 0110
1308 1302 1309 1000
43 2528 1310 0110
59 1310 1311 0001
44 2528 1312 0110
60 1312 1313 0001
1313 1311 1314 1000
1314 2528 1315 0110
1315 1309 1316 1000
60 2528 1317 0110
1317 44 1318 0001
61 2528 1319 0110
1319 45 1320 0001
1320 1318 1321 1000
1321 2528 1322 0110
1322 1316 1323 1000
45 2528 1324 0110
61 1324 1325 0001
46 2528 1326 0110
62 1326 1327 0001
1327 1325 1328 1000
1328 2528 1329 0110
1329 1323 1330 1000
62 2528 1331 0110
1331 46 1332 0001
63 47 1333 1000
17 2528 1334 0110
1334 1 1335 0001
16 2528 1336 0110
1336 0 1337 0001
1337 1335 1338 1000
1338 2528 1339 0110
2 2528 1340 0110
18 1340 1341 0001
1 2528 1342 0110
17 1342 1343 0001
1343 1341 1344 1000
1344 1339 1345 0001
19 2528 1346 0110
1346 3 1347 0001
18 2528 1348 0110
1348 2 1349 0001
1349 1347 1350 1000
1350 2528 1351 0110
1351 1345 1352 1000
3 2528 1353 0110
19 1353 1354 0001
4 2528 1355 0110
20 1355 1356 0001
1356 1354 1357 1000
1357 2528 1358 0110
1358 1352 1359 1000
21 2528 1360 0110
1360 5 1361 0001
20 2528 1362 0110
1362 4 1363 0001
1363 1361 1364 1000
1364 2528 1365 0110
1365 1359 1366 1000
5 2528 1367 0110
21 1367 1368 0001
6 2528 1369 0110
22 1369 1370 0001
1370 1368 1371 1000
1371 2528 1372 0110
1372 1366 1373 1000
22 2528 1374 0110
1374 6 1375 0001
23 2528 1376 0110
1376 7 1377 0001
1377 1375 1378 1000
1378 2528 1379 0110
1379 1373 1380 1000
7 2528 1381 0110
23 1381 1382 0001
8 2528 1383 0110
24 1383 1384 0001
1384 1382 1385 1000
1385 2528 1386 0110
1386 1380 1387 1000
24 2528 1388 0110
1388 8 1389 0001
25 2528 1390 0110
1390 9 1391 0001
1391 1389 1392 1000
1392 2528 1393 0110
1393 1387 1394 1000
9 2528 1395 0110
25 1395 1396 0001
10 2528 1397 0110
26 1397 1398 0001
1398 1396 1399 1000
1399 2528 1400 0110
1400 1394 1401 1000
26 2528 1402 0110
1402 10 1403 0001
27 2528 1404 0110
1404 11 1405 0001
1405 1403 1406 1000
1406 2528 1407 0110
1407 1401 1408 1000
11 2528 1409 0110
27 1409 1410 0001
12 2528 1411 0110
28 1411 1412 0001
1412 1410 1413 1000
1413 2528 1414 0110
1414 1408 1415 1000
28 2528 1416 0110
1416 12 1417 0001
29 2528 1418 0110
1418 13 1419 0001
1419 1417 1420 1000
1420 2528 1421 0110
1421 1415 1422 1000
13 2528 1423 0110
29 1423 1424 0001
14 2528 1425 0110
30 1425 1426 0001
1426 1424 1427 1000
1427 2528 1428 0110
1428 1422 1429 1000
30 2528 1430 0110
1430 14 1431 0001
31 15 1432 1000
31 2528 1433 0110
1433 15 1434 0001
1434 1431 1435 1000
1435 2528 1436 0110
1436 1429 1437 1000
15 2528 1438 0110
31 1438 1439 0001
1439 1437 1440 1000
1440 11 1441 0001
1440 1404 1442 1000
1442 1441 1443 1000
1443 2528 1444 0110
63 2528 1445 0110
1445 47 1446 0001
1446 1332 1447 1000
1447 2528 1448 0110
1448 1330 1449 1000
47 2528 1450 0110
63 1450 1451 0001
1451 1449 1452 1000
1452 43 1453 0001
1452 1305 1454 1000
1454 1453 1455 1000
1455 1444 1456 0001
1440 10 1457 0001
1440 1402 1458 1000
1458 1457 1459 1000
1452 42 1460 0001
1452 1303 1461 1000
1461 1460 1462 1000
1462 2528 1463 0110
1463 1459 1464 0001
1440 4 1465 0001
1440 1362 1466 1000
1466 1465 1467 1000
1467 2528 1468 0110
1452 36 1469 0001
1452 1261 1470 1000
1470 1469 1471 1000
1471 1468 1472 0001
1440 1353 1473 0001
1440 19 1474 1000
1474 1473 1475 1000
1452 35 1476 0001
1452 1247 1477 1000
1477 1476 1478 1000
1478 1475 1479 1000
1440 2 1480 0001
1440 1348 1481 1000
1481 1480 1482 1000
1452 34 1483 0001
1452 1249 1484 1000
1484 1483 1485 1000
1485 2528 1486 0110
1486 1482 1487 0001
1487 2528 1488 0110
1440 1 1489 0001
1440 1334 1490 1000
1490 1489 1491 1000
1491 2528 1492 0110
1452 33 1493 0001
1452 1235 1494 1000
1494 1493 1495 1000
1495 1492 1496 0001
0 2528 1497 0110
1440 1497 1498 0001
1440 16 1499 1000
1499 1498 1500 1000
1452 32 1501 0001
1452 1237 1502 1000
1502 1501 1503 1000
1503 1500 1504 0001
1504 1496 1505 1000
1495 2528 1506 0110
1506 1491 1507 0001
1507 1505 1508 1000
1508 1488 1509 0001
1478 1475 1510 0001
1482 2528 1511 0110
1485 1511 1512 0001
1512 1510 1513 1000
1513 2528 1514 0110
1514 1509 1515 1000
1515 1479 1516 1000
1516 1472 1517 1000
1471 2528 1518 0110
1518 1467 1519 0001
1440 5 1520 0001
1440 1360 1521 1000
1521 1520 1522 1000
1452 37 1523 0001
1452 1263 1524 1000
1524 1523 1525 1000
1525 2528 1526 0110
1526 1522 1527 0001
1527 1519 1528 1000
1528 2528 1529 0110
1529 1517 1530 1000
1522 2528 1531 0110
1525 1531 1532 0001
1440 6 1533 0001
1440 1374 1534 1000
1534 1533 1535 1000
1535 2528 1536 0110
1452 38 1537 0001
1452 1275 1538 1000
1538 1537 1539 1000
1539 1536 1540 0001
1540 1532 1541 1000
1541 2528 1542 0110
1542 1530 1543 1000
1440 7 1544 0001
1440 1376 1545 1000
1545 1544 1546 1000
1452 39 1547 0001
1452 1277 1548 1000
1548 1547 1549 1000
1549 2528 1550 0110
1550 1546 1551 0001
1539 2528 1552 0110
1552 1535 1553 0001
1553 1551 1554 1000
1554 2528 1555 0110
1555 1543 1556 1000
1440 8 1557 0001
1440 1388 1558 1000
1558 1557 1559 1000
1559 2528 1560 0110
1452 40 1561 0001
1452 1289 1562 1000
1562 1561 1563 1000
1563 1560 1564 0001
1546 2528 1565 0110
1549 1565 1566 0001
1566 1564 1567 1000
1567 2528 1568 0110
1568 1556 1569 1000
1563 2528 1570 0110
1570 1559 1571 0001
1440 9 1572 0001
1440 1390 1573 1000
1573 1572 1574 1000
1452 41 1575 0001
1452 1291 1576 1000
1576 1575 1577 1000
1577 2528 1578 0110
1578 1574 1579 0001
1579 1571 1580 1000
1580 2528 1581 0110
1581 1569 1582 1000
1574 2528 1583 0110
1577 1583 1584 0001
1459 2528 1585 0110
1462 1585 1586 0001
1586 1584 1587 1000
1587 2528 1588 0110
1588 1582 1589 1000
1589 1464 1590 1000
1590 1456 1591 1000
1455 2528 1592 0110
1592 1443 1593 0001
1440 12 1594 0001
1440 1416 1595 1000
1595 1594 1596 1000
1452 44 1597 0001
1452 1317 1598 1000
1598 1597 1599 1000
1599 2528 1600 0110
1600 1596 1601 0001
1601 1593 1602 1000
1602 2528 1603 0110
1603 1591 1604 1000
1596 2528 1605 0110
1599 1605 1606 0001
1440 13 1607 0001
1440 1418 1608 1000
1608 1607 1609 1000
1609 2528 1610 0110
1452 45 1611 0001
1452 1319 1612 1000
1612 1611 1613 1000
1613 1610 1614 0001
1614 1606 1615 1000
1615 2528 1616 0110
1616 1604 1617 1000
1440 14 1618 0001
1440 1430 1619 1000
1619 1618 1620 1000
1452 46 1621 0001
1452 1331 1622 1000
1622 1621 1623 1000
1623 2528 1624 0110
1624 1620 1625 0001
1613 2528 1626 0110
1626 1609 1627 0001
1627 1625 1628 1000
1628 2528 1629 0110
1629 1617 1630 1000
1620 2528 1631 0110
1623 1631 1632 0001
1432 1333 1633 0001
113 2528 1634 0110
1634 97 1635 0001
112 2528 1636 0110
1636 96 1637 0001
1637 1635 1638 1000
1638 2528 1639 0110
98 2528 1640 0110
114 1640 1641 0001
97 2528 1642 0110
113 1642 1643 0001
1643 1641 1644 1000
1644 1639 1645 0001
115 2528 1646 0110
1646 99 1647 0001
114 2528 1648 0110
1648 98 1649 0001
1649 1647 1650 1000
1650 2528 1651 0110
1651 1645 1652 1000
99 2528 1653 0110
115 1653 1654 0001
100 2528 1655 0110
116 1655 1656 0001
1656 1654 1657 1000
1657 2528 1658 0110
1658 1652 1659 1000
116 2528 1660 0110
1660 100 1661 0001
117 2528 1662 0110
1662 101 1663 0001
1663 1661 1664 1000
1664 2528 1665 0110
1665 1659 1666 1000
101 2528 1667 0110
117 1667 1668 0001
102 2528 1669 0110
118 1669 1670 0001
1670 1668 1671 1000
1671 2528 1672 0110
1672 1666 1673 1000
118 2528 1674 0110
1674 102 1675 0001
119 2528 1676 0110
1676 103 1677 0001
1677 1675 1678 1000
1678 2528 1679 0110
1679 1673 1680 1000
103 2528 1681 0110
119 1681 1682 0001
104 2528 1683 0110
120 1683 1684 0001
1684 1682 1685 1000
1685 2528 1686 0110
1686 1680 1687 1000
120 2528 1688 0110
1688 104 1689 0001
121 2528 1690 0110
1690 105 1691 0001
1691 1689 1692 1000
1692 2528 1693 0110
1693 1687 1694 1000
105 2528 1695 0110
121 1695 1696 0001
106 2528 1697 0110
122 1697 1698 0001
1698 1696 1699 1000
1699 2528 1700 0110
1700 1694 1701 1000
122 2528 1702 0110
1702 106 1703 0001
123 2528 1704 0110
1704 107 1705 0001
1705 1703 1706 1000
1706 2528 1707 0110
1707 1701 1708 1000
107 2528 1709 0110
123 1709 1710 0001
108 2528 1711 0110
124 1711 1712 0001
1712 1710 1713 1000
1713 2528 1714 0110
1714 1708 1715 1000
124 2528 1716 0110
1716 108 1717 0001
125 2528 1718 0110
1718 109 1719 0001
1719 1717 1720 1000
1720 2528 1721 0110
1721 1715 1722 1000
109 2528 1723 0110
125 1723 1724 0001
110 2528 1725 0110
126 1725 1726 0001
1726 1724 1727 1000
1727 2528 1728 0110
1728 1722 1729 1000
126 2528 1730 0110
1730 110 1731 0001
127 111 1732 1000
81 2528 1733 0110
1733 65 1734 0001
80 2528 1735 0110
1735 64 1736 0001
1736 1734 1737 1000
1737 2528 1738 0110
66 2528 1739 0110
82 1739 1740 0001
65 2528 1741 0110
81 1741 1742 0001
1742 1740 1743 1000
1743 1738 1744 0001
83 2528 1745 0110
1745 67 1746 0001
82 2528 1747 0110
1747 66 1748 0001
1748 1746 1749 1000
1749 2528 1750 0110
1750 1744 1751 1000
67 2528 1752 0110
83 1752 1753 0001
68 2528 1754 0110
84 1754 1755 0001
1755 1753 1756 1000
1756 2528 1757 0110
1757 1751 1758 1000
84 2528 1759 0110
1759 68 1760 0001
85 2528 1761 0110
1761 69 1762 0001
1762 1760 1763 1000
1763 2528 1764 0110
1764 1758 1765 1000
69 2528 1766 0110
85 1766 1767 0001
70 2528 1768 0110
86 1768 1769 0001
1769 1767 1770 1000
1770 2528 1771 0110
1771 1765 1772 1000
86 2528 1773 0110
1773 70 1774 0001
87 2528 1775 0110
1775 71 1776 0001
1776 1774 1777 1000
1777 2528 1778 0110
1778 1772 1779 1000
71 2528 1780 0110
87 1780 1781 0001
72 2528 1782 0110
88 1782 1783 0001
1783 1781 1784 1000
1784 2528 1785 0110
1785 1779 1786 1000
88 2528 1787 0110
1787 72 1788 0001
89 2528 1789 0110
1789 73 1790 0001
1790 1788 1791 1000
1791 2528 1792 0110
1792 1786 1793 1000
73 2528 1794 0110
89 1794 1795 0001
74 2528 1796 0110
90 1796 1797 0001
1797 1795 1798 1000
1798 2528 1799 0110
1799 1793 1800 1000
90 2528 1801 0110
1801 74 1802 0001
91 2528 1803 0110
1803 75 1804 0001
1804 1802 1805 1000
1805 2528 1806 0110
1806 1800 1807 1000
75 2528 1808 0110
91 1808 1809 0001
76 2528 1810 0110
92 1810 1811 0001
1811 1809 1812 1000
1812 2528 1813 0110
1813 1807 1814 1000
92 2528 1815 0110
1815 76 1816 0001
93 2528 1817 0110
1817 77 1818 0001
1818 1816 1819 1000
1819 2528 1820 0110
1820 1814 1821 1000
77 2528 1822 0110
93 1822 1823 0001
78 2528 1824 0110
94 1824 1825 0001
1825 1823 1826 1000
1826 2528 1827 0110
1827 1821 1828 1000
94 2528 1829 0110
1829 78 1830 0001
95 79 1831 1000
95 2528 1832 0110
1832 79 1833 0001
1833 1830 1834 1000
1834 2528 1835 0110
1835 1828 1836 1000
79 2528 1837 0110
95 1837 1838 0001
1838 1836 1839 1000
1839 78 1840 0001
1839 1829 1841 1000
1841 1840 1842 1000
127 2528 1843 0110
1843 111 1844 0001
1844 1731 1845 1000
1845 2528 1846 0110
1846 1729 1847 1000
111 2528 1848 0110
127 1848 1849 0001
1849 1847 1850 1000
1850 110 1851 0001
1850 1730 1852 1000
1852 1851 1853 1000
1853 2528 1854 0110
1854 1842 1855 0001
1839 74 1856 0001
1839 1801 1857 1000
1857 1856 1858 1000
1858 2528 1859 0110
1850 106 1860 0001
1850 1702 1861 1000
1861 1860 1862 1000
1862 1859 1863 0001
1839 71 1864 0001
1839 1775 1865 1000
1865 1864 1866 1000
1866 2528 1867 0110
1850 103 1868 0001
1850 1676 1869 1000
1869 1868 1870 1000
1870 1867 1871 0001
1839 70 1872 0001
1839 1773 1873 1000
1873 1872 1874 1000
1850 102 1875 0001
1850 1674 1876 1000
1876 1875 1877 1000
1877 2528 1878 0110
1878 1874 1879 0001
1839 67 1880 0001
1839 1745 1881 1000
1881 1880 1882 1000
1850 99 1883 0001
1850 1646 1884 1000
1884 1883 1885 1000
1885 2528 1886 0110
1886 1882 1887 0001
1839 66 1888 0001
1839 1747 1889 1000
1889 1888 1890 1000
1850 1640 1891 0001
1850 114 1892 1000
1892 1891 1893 1000
1893 1890 1894 1000
1839 1741 1895 0001
1839 81 1896 1000
1896 1895 1897 1000
1850 97 1898 0001
1850 1634 1899 1000
1899 1898 1900 1000
1900 1897 1901 0001
64 2528 1902 0110
1839 1902 1903 0001
1839 80 1904 1000
1904 1903 1905 1000
1850 96 1906 0001
1850 1636 1907 1000
1907 1906 1908 1000
1908 1905 1909 0001
1909 1901 1910 1000
1910 2528 1911 0110
1893 1890 1912 0001
1839 65 1913 0001
1839 1733 1914 1000
1914 1913 1915 1000
1850 1642 1916 0001
1850 113 1917 1000
1917 1916 1918 1000
1918 1915 1919 0001
1919 1912 1920 1000
1920 1911 1921 0001
1921 1894 1922 1000
1922 1887 1923 1000
1839 68 1924 0001
1839 1759 1925 1000
1925 1924 1926 1000
1926 2528 1927 0110
1850 100 1928 0001
1850 1660 1929 1000
1929 1928 1930 1000
1930 1927 1931 0001
1882 2528 1932 0110
1885 1932 1933 0001
1933 1931 1934 1000
1934 2528 1935 0110
1935 1923 1936 1000
1930 2528 1937 0110
1937 1926 1938 0001
1839 69 1939 0001
1839 1761 1940 1000
1940 1939 1941 1000
1850 1667 1942 0001
1850 117 1943 1000
1943 1942 1944 1000
1944 1941 1945 0001
1945 1938 1946 1000
1946 2528 1947 0110
1947 1936 1948 1000
1944 1941 1949 1000
1874 2528 1950 0110
1877 1950 1951 0001
1951 1949 1952 1000
1952 2528 1953 0110
1953 1948 1954 1000
1954 1879 1955 1000
1955 1871 1956 1000
1839 72 1957 0001
1839 1787 1958 1000
1958 1957 1959 1000
1850 104 1960 0001
1850 1688 1961 1000
1961 1960 1962 1000
1962 2528 1963 0110
1963 1959 1964 0001
1870 2528 1965 0110
1965 1866 1966 0001
1966 1964 1967 1000
1967 2528 1968 0110
1968 1956 1969 1000
1959 2528 1970 0110
1962 1970 1971 0001
1839 73 1972 0001
1839 1789 1973 1000
1973 1972 1974 1000
1974 2528 1975 0110
1850 105 1976 0001
1850 1690 1977 1000
1977 1976 1978 1000
1978 1975 1979 0001
1979 1971 1980 1000
1980 2528 1981 0110
1981 1969 1982 1000
1978 2528 1983 0110
1983 1974 1984 0001
1984 1982 1985 1000
1985 1863 1986 1000
1839 75 1987 0001
1839 1803 1988 1000
1988 1987 1989 1000
1850 107 1990 0001
1850 1704 1991 1000
1991 1990 1992 1000
1992 2528 1993 0110
1993 1989 1994 0001
1862 2528 1995 0110
1995 1858 1996 0001
1996 1994 1997 1000
1997 2528 1998 0110
1998 1986 1999 1000
1839 76 2000 0001
1839 1815 2001 1000
2001 2000 2002 1000
2002 2528 2003 0110
1850 108 2004 0001
1850 1716 2005 1000
2005 2004 2006 1000
2006 2003 2007 0001
1989 2528 2008 0110
1992 2008 2009 0001
2009 2007 2010 1000
2010 2528 2011 0110
2011 1999 2012 1000
1839 77 2013 0001
1839 1817 2014 1000
2014 2013 2015 1000
1850 109 2016 0001
1850 1718 2017 1000
2017 2016 2018 1000
2018 2528 2019 0110
2019 2015 2020 0001
2006 2528 2021 0110
2021 2002 2022 0001
2022 2020 2023 1000
2023 2528 2024 0110
2024 2012 2025 1000
2015 2528 2026 0110
2018 2026 2027 0001
1842 2528 2028 0110
1853 2028 2029 0001
2029 2027 2030 1000
2030 2528 2031 0110
2031 2025 2032 1000
2032 1855 2033 1000
1831 1732 2034 0001
1432 2528 2035 0110
2035 1333 2036 0001
1632 2036 2037 1000
2037 2528 2038 0110
2038 1630 2039 1000
1333 2528 2040 0110
1432 2040 2041 0001
2041 2039 2042 1000
2042 1585 2043 0001
2042 1462 2044 1000
2044 2043 2045 1000
2045 2528 2046 0110
1831 2528 2047 0110
2047 1732 2048 0001
2033 2048 2049 1000
2049 1831 2050 1000
1732 2528 2051 0110
2049 2051 2052 1000
2052 2050 2053 1000
2053 1858 2054 1000
2053 1995 2055 0001
2055 2054 2056 1000
2056 2046 2057 0001
2042 1583 2058 0001
2042 1577 2059 1000
2059 2058 2060 1000
2060 2528 2061 0110
2053 1974 2062 1000
2053 1983 2063 0001
2063 2062 2064 1000
2064 2061 2065 1000
2042 1565 2066 0001
2042 1549 2067 1000
2067 2066 2068 1000
2068 2528 2069 0110
2053 1866 2070 1000
2053 1965 2071 0001
2071 2070 2072 1000
2072 2069 2073 0001
2042 1536 2074 0001
2042 1539 2075 1000
2075 2074 2076 1000
2076 2528 2077 0110
2053 1874 2078 1000
2053 1878 2079 0001
2079 2078 2080 1000
2080 2077 2081 1000
2042 1511 2082 0001
2042 1485 2083 1000
2083 2082 2084 1000
1893 2528 2085 0110
2053 2085 2086 0001
1890 2528 2087 0110
2053 2087 2088 1000
2088 2086 2089 1000
2089 2084 2090 1000
2042 1492 2091 0001
2042 1495 2092 1000
2092 2091 2093 1000
2053 1900 2094 0001
2053 1897 2095 1000
2095 2094 2096 1000
2096 2093 2097 0001
2096 2093 2098 1000
1503 2528 2099 0110
2042 2099 2100 1000
1500 2528 2101 0110
2042 2101 2102 0001
2102 2100 2103 1000
1905 2528 2104 0110
2053 2104 2105 1000
1908 2528 2106 0110
2053 2106 2107 0001
2107 2105 2108 1000
2108 2103 2109 0001
2109 2098 2110 1000
2110 2097 2111 1000
2111 2090 2112 1000
2042 1475 2113 0001
2042 1478 2114 1000
2114 2113 2115 1000
2053 1885 2116 0001
2053 1932 2117 1000
2117 2116 2118 1000
2118 2115 2119 0001
2089 2084 2120 0001
2120 2119 2121 1000
2121 2528 2122 0110
2122 2112 2123 1000
2042 1468 2124 0001
2042 1471 2125 1000
2125 2124 2126 1000
2126 2528 2127 0110
2053 1926 2128 1000
2053 1937 2129 0001
2129 2128 2130 1000
2130 2127 2131 0001
2118 2115 2132 1000
2132 2131 2133 1000
2133 2528 2134 0110
2134 2123 2135 1000
2130 2127 2136 1000
2042 1531 2137 0001
2042 1525 2138 1000
2138 2137 2139 1000
2139 2528 2140 0110
2053 1941 2141 1000
2053 1944 2142 0001
2142 2141 2143 1000
2143 2140 2144 1000
2144 2136 2145 1000
2145 2528 2146 0110
2146 2135 2147 1000
2143 2140 2148 0001
2080 2077 2149 0001
2149 2148 2150 1000
2150 2528 2151 0110
2151 2147 2152 1000
2152 2081 2153 1000
2153 2073 2154 1000
2072 2069 2155 1000
2042 1560 2156 0001
2042 1563 2157 1000
2157 2156 2158 1000
2158 2528 2159 0110
2053 1959 2160 1000
2053 1963 2161 0001
2161 2160 2162 1000
2162 2159 2163 1000
2163 2155 2164 1000
2164 2528 2165 0110
2165 2154 2166 1000
2162 2159 2167 0001
2064 2061 2168 0001
2168 2167 2169 1000
2169 2528 2170 0110
2170 2166 2171 1000
2171 2065 2172 1000
2172 2057 2173 1000
2042 1444 2174 0001
2042 1455 2175 1000
2175 2174 2176 1000
2176 2528 2177 0110
2053 1989 2178 1000
2053 1993 2179 0001
2179 2178 2180 1000
2180 2177 2181 1000
2056 2046 2182 1000
2182 2181 2183 1000
2183 2528 2184 0110
2184 2173 2185 1000
2180 2177 2186 0001
2042 1605 2187 0001
2042 1599 2188 1000
2188 2187 2189 1000
2189 2528 2190 0110
2053 2002 2191 1000
2053 2021 2192 0001
2192 2191 2193 1000
2193 2190 2194 0001
2194 2186 2195 1000
2195 2528 2196 0110
2196 2185 2197 1000
2193 2190 2198 1000
2042 1610 2199 0001
2042 1613 2200 1000
2200 2199 2201 1000
2201 2528 2202 0110
2053 2015 2203 1000
2053 2019 2204 0001
2204 2203 2205 1000
2205 2202 2206 1000
2206 2198 2207 1000
2207 2528 2208 0110
2208 2197 2209 1000
2205 2202 2210 0001
2042 1631 2211 0001
2042 1623 2212 1000
2212 2211 2213 1000
2213 2528 2214 0110
2053 1842 2215 1000
2053 1854 2216 0001
2216 2215 2217 1000
2217 2214 2218 0001
2218 2210 2219 1000
2219 2528 2220 0110
2220 2209 2221 1000
2217 2214 2222 1000
2034 1633 2223 0001
2223 1234 2224 0001
1633 2528 2225 0110
2034 2225 2226 0001
2034 2225 2227 1000
2222 2227 2228 1000
2228 2528 2229 0110
2229 2221 2230 1000
2230 2226 2231 1000
2231 2201 2232 1000
2205 2528 2233 0110
2231 2233 2234 0001
2234 2232 2235 1000
662 2528 2236 0110
454 2528 2237 0110
2237 1232 2238 0001
2238 1231 2239 1000
2239 2528 2240 0110
2240 1230 2241 1000
1232 2528 2242 0110
454 2242 2243 0001
2243 2241 2244 1000
2244 2236 2245 0001
2244 1069 2246 1000
2246 2245 2247 1000
2247 2528 2248 0110
2248 2235 2249 1000
2231 2189 2250 1000
2193 2528 2251 0110
2231 2251 2252 0001
2252 2250 2253 1000
1074 2528 2254 0110
2244 2254 2255 0001
2244 1077 2256 1000
2256 2255 2257 1000
2257 2528 2258 0110
2258 2253 2259 0001
2231 2045 2260 1000
2056 2528 2261 0110
2231 2261 2262 0001
2262 2260 2263 1000
1082 2528 2264 0110
2244 2264 2265 0001
2244 1085 2266 1000
2266 2265 2267 1000
2267 2528 2268 0110
2268 2263 2269 1000
2231 2060 2270 1000
2064 2528 2271 0110
2231 2271 2272 0001
2272 2270 2273 1000
1090 2528 2274 0110
2244 2274 2275 0001
2244 1093 2276 1000
2276 2275 2277 1000
2277 2528 2278 0110
2278 2273 2279 0001
2231 2093 2280 1000
2231 2096 2281 0001
2281 2280 2282 1000
1124 2528 2283 0110
2244 2283 2284 1000
1121 2528 2285 0110
2244 2285 2286 0001
2286 2284 2287 1000
2287 2282 2288 1000
2244 1129 2289 0001
2244 1132 2290 1000
2290 2289 2291 1000
2231 2108 2292 0001
2231 2103 2293 1000
2293 2292 2294 1000
2294 2291 2295 0001
2295 2288 2296 1000
2296 2528 2297 0110
2231 2084 2298 1000
2231 2089 2299 0001
2299 2298 2300 1000
2244 1117 2301 1000
2244 1114 2302 0001
2302 2301 2303 1000
2303 2300 2304 0001
2287 2282 2305 0001
2305 2304 2306 1000
2306 2297 2307 0001
2231 2115 2308 1000
2231 2118 2309 0001
2309 2308 2310 1000
2244 1142 2311 1000
2244 1139 2312 0001
2312 2311 2313 1000
2313 2310 2314 1000
2303 2300 2315 1000
2315 2314 2316 1000
2316 2528 2317 0110
2317 2307 2318 1000
2313 2310 2319 0001
2231 2126 2320 1000
2130 2528 2321 0110
2231 2321 2322 0001
2322 2320 2323 1000
2244 1154 2324 1000
2244 1150 2325 0001
2325 2324 2326 1000
2326 2323 2327 0001
2327 2319 2328 1000
2328 2528 2329 0110
2329 2318 2330 1000
2326 2323 2331 1000
2231 2139 2332 1000
2143 2528 2333 0110
2231 2333 2334 0001
2334 2332 2335 1000
1165 2528 2336 0110
2244 2336 2337 0001
2244 1168 2338 1000
2338 2337 2339 1000
2339 2528 2340 0110
2340 2335 2341 1000
2341 2331 2342 1000
2342 2528 2343 0110
2343 2330 2344 1000
2231 2076 2345 1000
2080 2528 2346 0110
2231 2346 2347 0001
2347 2345 2348 1000
1106 2528 2349 0110
2244 2349 2350 0001
2244 1109 2351 1000
2351 2350 2352 1000
2352 2528 2353 0110
2353 2348 2354 0001
2340 2335 2355 0001
2355 2354 2356 1000
2356 2528 2357 0110
2357 2344 2358 1000
2231 2068 2359 1000
2072 2528 2360 0110
2231 2360 2361 0001
2361 2359 2362 1000
1098 2528 2363 0110
2244 2363 2364 0001
2244 1101 2365 1000
2365 2364 2366 1000
2366 2528 2367 0110
2367 2362 2368 1000
2353 2348 2369 1000
2369 2368 2370 1000
2370 2528 2371 0110
2371 2358 2372 1000
2367 2362 2373 0001
2231 2158 2374 1000
2162 2528 2375 0110
2231 2375 2376 0001
2376 2374 2377 1000
1184 2528 2378 0110
2244 2378 2379 0001
2244 1187 2380 1000
2380 2379 2381 1000
2381 2528 2382 0110
2382 2377 2383 0001
2383 2373 2384 1000
2384 2528 2385 0110
2385 2372 2386 1000
2382 2377 2387 1000
2278 2273 2388 1000
2388 2387 2389 1000
2389 2528 2390 0110
2390 2386 2391 1000
2391 2279 2392 1000
2392 2269 2393 1000
2231 2176 2394 1000
2180 2528 2395 0110
2231 2395 2396 0001
2396 2394 2397 1000
1202 2528 2398 0110
2244 2398 2399 0001
2244 1205 2400 1000
2400 2399 2401 1000
2401 2528 2402 0110
2402 2397 2403 0001
2268 2263 2404 0001
2404 2403 2405 1000
2405 2528 2406 0110
2406 2393 2407 1000
2402 2397 2408 1000
2258 2253 2409 1000
2409 2408 2410 1000
2410 2528 2411 0110
2411 2407 2412 1000
2412 2259 2413 1000
2413 2249 2414 1000
2231 2213 2415 1000
2217 2528 2416 0110
2231 2416 2417 0001
2417 2415 2418 1000
1222 2528 2419 0110
2244 2419 2420 0001
2244 1225 2421 1000
2421 2420 2422 1000
2422 2528 2423 0110
2423 2418 2424 0001
2248 2235 2425 0001
2425 2424 2426 1000
2426 2528 2427 0110
2427 2414 2428 1000
2423 2418 2429 1000
2223 1234 2430 1000
2430 2429 2431 1000
2431 2528 2432 0110
2432 2428 2433 1000
2433 2224 2434 1000
2434 2528 2435 0110
2291 2528 2436 0110
2434 2436 2437 1000
2294 2528 2438 0110
2434 2438 2439 0001
2439 2437 2440 1000
2434 2287 2441 1000
2434 2282 2442 0001
2442 2441 2443 1000
2434 2303 2444 1000
2434 2300 2445 0001
2445 2444 2446 1000
2434 2313 2447 1000
2434 2310 2448 0001
2448 2447 2449 1000
2434 2326 2450 1000
2434 2323 2451 0001
2451 2450 2452 1000
2434 2340 2453 1000
2434 2335 2454 0001
2454 2453 2455 1000
2434 2353 2456 1000
2434 2348 2457 0001
2457 2456 2458 1000
2434 2367 2459 1000
2434 2362 2460 0001
2460 2459 2461 1000
2434 2382 2462 1000
2434 2377 2463 0001
2463 2462 2464 1000
2434 2278 2465 1000
2434 2273 2466 0001
2466 2465 2467 1000
2434 2268 2468 1000
2434 2263 2469 0001
2469 2468 2470 1000
2434 2402 2471 1000
2434 2397 2472 0001
2472 2471 2473 1000
2434 2258 2474 1000
2434 2253 2475 0001
2475 2474 2476 1000
2434 2248 2477 1000
2434 2235 2478 0001
2478 2477 2479 1000
2434 2423 2480 1000
2434 2418 2481 0001
2481 2480 2482 1000
2223 1233 2483 0001
2483 2528 2484 0110
2244 2528 2485 0110
2434 2485 2486 1000
2231 2528 2487 0110
2434 2487 2488 0001
2488 2486 2489 1000
2489 2042 2490 1000
2231 2053 2491 0001
2491 2528 2492 0110
2492 2434 2493 0001
2493 2528 2494 0110
2494 2490 2495 1000
2434 2231 2496 0001
2434 2244 2497 1000
2497 2496 2498 1000
2498 659 2499 0001
2244 1066 2500 1000
2500 2434 2501 1000
2501 2528 2502 0110
2502 2499 2503 1000
2503 2495 2504 1000
2489 1850 2505 0001
2498 1452 2506 0001
2506 2505 2507 1000
2507 2528 2508 0110
2508 2504 2509 0001
2489 1839 2510 0001
2498 1440 2511 0001
2511 2510 2512 1000
2512 2504 2513 1000
2513 2509 2514 1000
2514 2435 2515 1000
2489 878 2516 0001
2498 479 2517 0001
2517 2516 2518 1000
2518 2528 2519 0110
2519 2504 2520 0001
2489 768 2521 0001
2498 462 2522 0001
2522 2521 2523 1000
2523 2504 2524 1000
2524 2520 2525 1000
2525 2434 2526 1000
2526 2515 2527 1000
