# first row is comment
1054 8 1182
P0 16
0
1
2
3
4
5
6
7
8
9
10
11
12
13
14
15
P1 16
16
17
18
19
20
21
22
23
24
25
26
27
28
29
30
31
P2 16
32
33
34
35
36
37
38
39
40
41
42
43
44
45
46
47
P3 16
48
49
50
51
52
53
54
55
56
57
58
59
60
61
62
63
P4 16
64
65
66
67
68
69
70
71
72
73
74
75
76
77
78
79
P5 16
80
81
82
83
84
85
86
87
88
89
90
91
92
93
94
95
P6 16
96
97
98
99
100
101
102
103
104
105
106
107
108
109
110
111
P7 16
112
113
114
115
116
117
118
119
120
121
122
123
124
125
126
127
Out 19
1180
1167
1116
1119
1122
1125
1128
1131
1134
1137
1140
1143
1146
1149
1152
1155
1158
1161
1163
# list of gates
0 0 1181 1001
47 1181 128 0110
63 128 129 0001
63 1181 130 0110
130 47 131 0001
62 1181 132 0110
132 46 133 0001
131 133 134 1000
134 1181 135 0110
46 1181 136 0110
62 136 137 0001
45 1181 138 0110
61 138 139 0001
137 139 140 1000
140 1181 141 0110
61 1181 142 0110
142 45 143 0001
60 1181 144 0110
144 44 145 0001
143 145 146 1000
146 1181 147 0110
44 1181 148 0110
60 148 149 0001
43 1181 150 0110
59 150 151 0001
149 151 152 1000
152 1181 153 0110
59 1181 154 0110
154 43 155 0001
58 1181 156 0110
156 42 157 0001
155 157 158 1000
158 1181 159 0110
42 1181 160 0110
58 160 161 0001
41 1181 162 0110
57 162 163 0001
161 163 164 1000
164 1181 165 0110
57 1181 166 0110
166 41 167 0001
56 1181 168 0110
168 40 169 0001
167 169 170 1000
170 1181 171 0110
40 1181 172 0110
56 172 173 0001
39 1181 174 0110
55 174 175 0001
173 175 176 1000
176 1181 177 0110
55 1181 178 0110
178 39 179 0001
54 1181 180 0110
180 38 181 0001
179 181 182 1000
182 1181 183 0110
38 1181 184 0110
54 184 185 0001
37 1181 186 0110
53 186 187 0001
185 187 188 1000
188 1181 189 0110
53 1181 190 0110
190 37 191 0001
52 1181 192 0110
192 36 193 0001
191 193 194 1000
194 1181 195 0110
36 1181 196 0110
52 196 197 0001
35 1181 198 0110
51 198 199 0001
197 199 200 1000
200 1181 201 0110
51 1181 202 0110
202 35 203 0001
50 1181 204 0110
204 34 205 0001
203 205 206 1000
206 1181 207 0110
33 1181 208 0110
49 208 209 0001
34 1181 210 0110
50 210 211 0001
209 211 212 1000
48 1181 213 0110
213 32 214 0001
49 1181 215 0110
215 33 216 0001
214 216 217 1000
217 1181 218 0110
212 218 219 0001
207 219 220 1000
201 220 221 1000
195 221 222 1000
189 222 223 1000
183 223 224 1000
177 224 225 1000
171 225 226 1000
165 226 227 1000
159 227 228 1000
153 228 229 1000
147 229 230 1000
141 230 231 1000
135 231 232 1000
129 232 233 1000
233 154 234 1000
233 43 235 0001
234 235 236 1000
236 1181 237 0110
15 1181 238 0110
31 238 239 0001
31 1181 240 0110
240 15 241 0001
30 1181 242 0110
242 14 243 0001
241 243 244 1000
244 1181 245 0110
14 1181 246 0110
30 246 247 0001
13 1181 248 0110
29 248 249 0001
247 249 250 1000
250 1181 251 0110
29 1181 252 0110
252 13 253 0001
28 1181 254 0110
254 12 255 0001
253 255 256 1000
256 1181 257 0110
12 1181 258 0110
28 258 259 0001
11 1181 260 0110
27 260 261 0001
259 261 262 1000
262 1181 263 0110
27 1181 264 0110
264 11 265 0001
26 1181 266 0110
266 10 267 0001
265 267 268 1000
268 1181 269 0110
10 1181 270 0110
26 270 271 0001
9 1181 272 0110
25 272 273 0001
271 273 274 1000
274 1181 275 0110
25 1181 276 0110
276 9 277 0001
24 1181 278 0110
278 8 279 0001
277 279 280 1000
280 1181 281 0110
8 1181 282 0110
24 282 283 0001
7 1181 284 0110
23 284 285 0001
283 285 286 1000
286 1181 287 0110
23 1181 288 0110
288 7 289 0001
22 1181 290 0110
290 6 291 0001
289 291 292 1000
292 1181 293 0110
6 1181 294 0110
22 294 295 0001
5 1181 296 0110
21 296 297 0001
295 297 298 1000
298 1181 299 0110
21 1181 300 0110
300 5 301 0001
20 1181 302 0110
302 4 303 0001
301 303 304 1000
304 1181 305 0110
4 1181 306 0110
20 306 307 0001
3 1181 308 0110
19 308 309 0001
307 309 310 1000
310 1181 311 0110
18 1181 312 0110
312 2 313 0001
19 1181 314 0110
314 3 315 0001
313 315 316 1000
316 1181 317 0110
1 1181 318 0110
17 318 319 0001
2 1181 320 0110
18 320 321 0001
319 321 322 1000
16 1181 323 0110
323 0 324 0001
17 1181 325 0110
325 1 326 0001
324 326 327 1000
327 1181 328 0110
322 328 329 0001
317 329 330 1000
311 330 331 1000
305 331 332 1000
299 332 333 1000
293 333 334 1000
287 334 335 1000
281 335 336 1000
275 336 337 1000
269 337 338 1000
263 338 339 1000
257 339 340 1000
251 340 341 1000
245 341 342 1000
239 342 343 1000
343 264 344 1000
343 11 345 0001
344 345 346 1000
237 346 347 0001
233 156 348 1000
233 42 349 0001
348 349 350 1000
350 1181 351 0110
343 266 352 1000
343 10 353 0001
352 353 354 1000
351 354 355 0001
347 355 356 1000
356 1181 357 0110
233 166 358 1000
233 41 359 0001
358 359 360 1000
343 276 361 1000
343 9 362 0001
361 362 363 1000
363 1181 364 0110
360 364 365 0001
354 1181 366 0110
350 366 367 0001
365 367 368 1000
368 1181 369 0110
233 168 370 1000
233 40 371 0001
370 371 372 1000
372 1181 373 0110
343 278 374 1000
343 8 375 0001
374 375 376 1000
373 376 377 0001
360 1181 378 0110
378 363 379 0001
377 379 380 1000
380 1181 381 0110
233 178 382 1000
233 39 383 0001
382 383 384 1000
343 288 385 1000
343 7 386 0001
385 386 387 1000
387 1181 388 0110
384 388 389 0001
233 54 390 1000
233 184 391 0001
390 391 392 1000
343 290 393 1000
343 6 394 0001
393 394 395 1000
392 395 396 1000
389 396 397 1000
397 1181 398 0110
392 395 399 0001
233 190 400 1000
233 37 401 0001
400 401 402 1000
402 1181 403 0110
343 300 404 1000
343 5 405 0001
404 405 406 1000
403 406 407 0001
399 407 408 1000
408 1181 409 0110
406 1181 410 0110
402 410 411 0001
233 192 412 1000
233 36 413 0001
412 413 414 1000
343 302 415 1000
343 4 416 0001
415 416 417 1000
417 1181 418 0110
414 418 419 0001
411 419 420 1000
420 1181 421 0110
414 1181 422 0110
422 417 423 0001
233 202 424 1000
233 35 425 0001
424 425 426 1000
343 19 427 1000
343 308 428 0001
427 428 429 1000
426 429 430 1000
423 430 431 1000
431 1181 432 0110
426 429 433 0001
233 204 434 1000
233 34 435 0001
434 435 436 1000
343 18 437 1000
343 320 438 0001
437 438 439 1000
436 439 440 0001
433 440 441 1000
441 1181 442 0110
233 215 443 1000
233 33 444 0001
443 444 445 1000
343 17 446 1000
343 318 447 0001
446 447 448 1000
445 448 449 1000
436 439 450 1000
449 450 451 1000
343 16 452 1000
0 1181 453 0110
343 453 454 0001
452 454 455 1000
233 213 456 1000
233 32 457 0001
456 457 458 1000
455 458 459 0001
445 448 460 0001
459 460 461 1000
461 1181 462 0110
451 462 463 0001
442 463 464 1000
432 464 465 1000
421 465 466 1000
409 466 467 1000
398 467 468 1000
384 1181 469 0110
469 387 470 0001
468 470 471 1000
376 1181 472 0110
372 472 473 0001
471 473 474 1000
381 474 475 1000
369 475 476 1000
357 476 477 1000
346 1181 478 0110
236 478 479 0001
343 12 480 0001
343 254 481 1000
481 480 482 1000
482 1181 483 0110
233 44 484 0001
233 144 485 1000
485 484 486 1000
486 483 487 0001
487 479 488 1000
488 1181 489 0110
489 477 490 1000
486 1181 491 0110
491 482 492 0001
343 13 493 0001
343 252 494 1000
494 493 495 1000
233 45 496 0001
233 142 497 1000
497 496 498 1000
498 1181 499 0110
499 495 500 0001
500 492 501 1000
501 1181 502 0110
502 490 503 1000
495 1181 504 0110
498 504 505 0001
343 242 506 1000
343 14 507 0001
506 507 508 1000
508 1181 509 0110
233 132 510 1000
233 46 511 0001
510 511 512 1000
512 509 513 0001
513 505 514 1000
514 1181 515 0110
515 503 516 1000
512 1181 517 0110
517 508 518 0001
516 518 519 1000
31 15 520 1000
63 47 521 1000
520 521 522 0001
113 1181 523 0110
523 97 524 0001
112 1181 525 0110
525 96 526 0001
526 524 527 1000
527 1181 528 0110
98 1181 529 0110
114 529 530 0001
97 1181 531 0110
113 531 532 0001
532 530 533 1000
533 528 534 0001
115 1181 535 0110
535 99 536 0001
114 1181 537 0110
537 98 538 0001
538 536 539 1000
539 1181 540 0110
540 534 541 1000
99 1181 542 0110
115 542 543 0001
100 1181 544 0110
116 544 545 0001
545 543 546 1000
546 1181 547 0110
547 541 548 1000
116 1181 549 0110
549 100 550 0001
117 1181 551 0110
551 101 552 0001
552 550 553 1000
553 1181 554 0110
554 548 555 1000
101 1181 556 0110
117 556 557 0001
102 1181 558 0110
118 558 559 0001
559 557 560 1000
560 1181 561 0110
561 555 562 1000
118 1181 563 0110
563 102 564 0001
119 1181 565 0110
565 103 566 0001
566 564 567 1000
567 1181 568 0110
568 562 569 1000
103 1181 570 0110
119 570 571 0001
104 1181 572 0110
120 572 573 0001
573 571 574 1000
574 1181 575 0110
575 569 576 1000
120 1181 577 0110
577 104 578 0001
121 1181 579 0110
579 105 580 0001
580 578 581 1000
581 1181 582 0110
582 576 583 1000
105 1181 584 0110
121 584 585 0001
106 1181 586 0110
122 586 587 0001
587 585 588 1000
588 1181 589 0110
589 583 590 1000
122 1181 591 0110
591 106 592 0001
123 1181 593 0110
593 107 594 0001
594 592 595 1000
595 1181 596 0110
596 590 597 1000
107 1181 598 0110
123 598 599 0001
108 1181 600 0110
124 600 601 0001
601 599 602 1000
602 1181 603 0110
603 597 604 1000
124 1181 605 0110
605 108 606 0001
125 1181 607 0110
607 109 608 0001
608 606 609 1000
609 1181 610 0110
610 604 611 1000
109 1181 612 0110
125 612 613 0001
110 1181 614 0110
126 614 615 0001
615 613 616 1000
616 1181 617 0110
617 611 618 1000
126 1181 619 0110
619 110 620 0001
127 111 621 1000
81 1181 622 0110
622 65 623 0001
80 1181 624 0110
624 64 625 0001
625 623 626 1000
626 1181 627 0110
66 1181 628 0110
82 628 629 0001
65 1181 630 0110
81 630 631 0001
631 629 632 1000
632 627 633 0001
83 1181 634 0110
634 67 635 0001
82 1181 636 0110
636 66 637 0001
637 635 638 1000
638 1181 639 0110
639 633 640 1000
67 1181 641 0110
83 641 642 0001
68 1181 643 0110
84 643 644 0001
644 642 645 1000
645 1181 646 0110
646 640 647 1000
84 1181 648 0110
648 68 649 0001
85 1181 650 0110
650 69 651 0001
651 649 652 1000
652 1181 653 0110
653 647 654 1000
69 1181 655 0110
85 655 656 0001
70 1181 657 0110
86 657 658 0001
658 656 659 1000
659 1181 660 0110
660 654 661 1000
86 1181 662 0110
662 70 663 0001
87 1181 664 0110
664 71 665 0001
665 663 666 1000
666 1181 667 0110
667 661 668 1000
71 1181 669 0110
87 669 670 0001
72 1181 671 0110
88 671 672 0001
672 670 673 1000
673 1181 674 0110
674 668 675 1000
88 1181 676 0110
676 72 677 0001
89 1181 678 0110
678 73 679 0001
679 677 680 1000
680 1181 681 0110
681 675 682 1000
73 1181 683 0110
89 683 684 0001
74 1181 685 0110
90 685 686 0001
686 684 687 1000
687 1181 688 0110
688 682 689 1000
90 1181 690 0110
690 74 691 0001
91 1181 692 0110
692 75 693 0001
693 691 694 1000
694 1181 695 0110
695 689 696 1000
75 1181 697 0110
91 697 698 0001
76 1181 699 0110
92 699 700 0001
700 698 701 1000
701 1181 702 0110
702 696 703 1000
92 1181 704 0110
704 76 705 0001
93 1181 706 0110
706 77 707 0001
707 705 708 1000
708 1181 709 0110
709 703 710 1000
77 1181 711 0110
93 711 712 0001
78 1181 713 0110
94 713 714 0001
714 712 715 1000
715 1181 716 0110
716 710 717 1000
94 1181 718 0110
718 78 719 0001
95 79 720 1000
95 1181 721 0110
721 79 722 0001
722 719 723 1000
723 1181 724 0110
724 717 725 1000
79 1181 726 0110
95 726 727 0001
727 725 728 1000
728 76 729 0001
728 704 730 1000
730 729 731 1000
731 1181 732 0110
127 1181 733 0110
733 111 734 0001
734 620 735 1000
735 1181 736 0110
736 618 737 1000
111 1181 738 0110
127 738 739 0001
739 737 740 1000
740 108 741 0001
740 605 742 1000
742 741 743 1000
743 732 744 0001
728 75 745 0001
728 692 746 1000
746 745 747 1000
740 107 748 0001
740 593 749 1000
749 748 750 1000
750 1181 751 0110
751 747 752 0001
728 73 753 0001
728 678 754 1000
754 753 755 1000
755 1181 756 0110
740 105 757 0001
740 579 758 1000
758 757 759 1000
759 756 760 0001
728 72 761 0001
728 676 762 1000
762 761 763 1000
740 104 764 0001
740 577 765 1000
765 764 766 1000
766 1181 767 0110
767 763 768 0001
728 70 769 0001
728 662 770 1000
770 769 771 1000
771 1181 772 0110
740 102 773 0001
740 563 774 1000
774 773 775 1000
775 772 776 0001
728 655 777 0001
728 85 778 1000
778 777 779 1000
740 101 780 0001
740 551 781 1000
781 780 782 1000
782 779 783 1000
728 65 784 0001
728 622 785 1000
785 784 786 1000
740 531 787 0001
740 113 788 1000
788 787 789 1000
789 786 790 1000
64 1181 791 0110
728 791 792 0001
728 80 793 1000
793 792 794 1000
740 96 795 0001
740 525 796 1000
796 795 797 1000
797 794 798 0001
798 790 799 1000
799 1181 800 0110
728 66 801 0001
728 636 802 1000
802 801 803 1000
740 529 804 0001
740 114 805 1000
805 804 806 1000
806 803 807 0001
789 786 808 0001
808 807 809 1000
809 800 810 0001
728 641 811 0001
728 83 812 1000
812 811 813 1000
740 99 814 0001
740 535 815 1000
815 814 816 1000
816 813 817 0001
806 803 818 1000
818 817 819 1000
819 1181 820 0110
820 810 821 1000
728 68 822 0001
728 648 823 1000
823 822 824 1000
740 100 825 0001
740 549 826 1000
826 825 827 1000
827 1181 828 0110
828 824 829 0001
816 813 830 1000
830 829 831 1000
831 1181 832 0110
832 821 833 1000
824 1181 834 0110
827 834 835 0001
782 779 836 0001
836 835 837 1000
837 1181 838 0110
838 833 839 1000
839 783 840 1000
840 776 841 1000
775 1181 842 0110
842 771 843 0001
728 71 844 0001
728 664 845 1000
845 844 846 1000
740 103 847 0001
740 565 848 1000
848 847 849 1000
849 1181 850 0110
850 846 851 0001
851 843 852 1000
852 1181 853 0110
853 841 854 1000
846 1181 855 0110
849 855 856 0001
763 1181 857 0110
766 857 858 0001
858 856 859 1000
859 1181 860 0110
860 854 861 1000
861 768 862 1000
862 760 863 1000
759 1181 864 0110
864 755 865 0001
728 74 866 0001
728 690 867 1000
867 866 868 1000
740 106 869 0001
740 591 870 1000
870 869 871 1000
871 1181 872 0110
872 868 873 0001
873 865 874 1000
874 1181 875 0110
875 863 876 1000
868 1181 877 0110
871 877 878 0001
747 1181 879 0110
750 879 880 0001
880 878 881 1000
881 1181 882 0110
882 876 883 1000
883 752 884 1000
884 744 885 1000
743 1181 886 0110
886 731 887 0001
728 77 888 0001
728 706 889 1000
889 888 890 1000
740 109 891 0001
740 607 892 1000
892 891 893 1000
893 1181 894 0110
894 890 895 0001
895 887 896 1000
896 1181 897 0110
897 885 898 1000
890 1181 899 0110
893 899 900 0001
728 78 901 0001
728 718 902 1000
902 901 903 1000
903 1181 904 0110
740 110 905 0001
740 619 906 1000
906 905 907 1000
907 904 908 0001
908 900 909 1000
907 1181 910 0110
910 903 911 0001
720 621 912 0001
912 1181 913 0110
913 522 914 1000
520 1181 915 0110
915 521 916 0001
519 916 917 1000
917 520 918 1000
521 1181 919 0110
917 919 920 1000
920 918 921 1000
921 482 922 1000
921 491 923 0001
923 922 924 1000
924 1181 925 0110
720 1181 926 0110
926 621 927 0001
909 1181 928 0110
928 898 929 1000
621 1181 930 0110
720 930 931 0001
931 911 932 1000
932 1181 933 0110
933 929 934 1000
934 927 935 1000
935 731 936 1000
935 886 937 0001
937 936 938 1000
938 925 939 0001
921 346 940 1000
921 237 941 0001
941 940 942 1000
935 747 943 1000
935 751 944 0001
944 943 945 1000
945 1181 946 0110
946 942 947 0001
921 363 948 1000
921 378 949 0001
949 948 950 1000
950 1181 951 0110
935 755 952 1000
935 864 953 0001
953 952 954 1000
954 951 955 0001
921 376 956 1000
921 373 957 0001
957 956 958 1000
935 763 959 1000
935 767 960 0001
960 959 961 1000
961 1181 962 0110
962 958 963 0001
921 395 964 1000
921 392 965 0001
965 964 966 1000
966 1181 967 0110
935 771 968 1000
935 842 969 0001
969 968 970 1000
970 967 971 0001
921 402 972 0001
921 410 973 1000
973 972 974 1000
779 1181 975 0110
935 975 976 1000
782 1181 977 0110
935 977 978 0001
978 976 979 1000
979 974 980 1000
921 445 981 0001
921 448 982 1000
982 981 983 1000
935 786 984 1000
935 789 985 0001
985 984 986 1000
986 983 987 0001
794 1181 988 0110
935 988 989 1000
797 1181 990 0110
935 990 991 0001
991 989 992 1000
921 458 993 0001
921 455 994 1000
994 993 995 1000
995 992 996 0001
996 987 997 1000
997 1181 998 0110
921 436 999 0001
921 439 1000 1000
1000 999 1001 1000
935 803 1002 1000
935 806 1003 0001
1003 1002 1004 1000
1004 1001 1005 1000
986 983 1006 1000
1006 1005 1007 1000
1007 998 1008 0001
921 426 1009 0001
921 429 1010 1000
1010 1009 1011 1000
813 1181 1012 0110
935 1012 1013 1000
816 1181 1014 0110
935 1014 1015 0001
1015 1013 1016 1000
1016 1011 1017 0001
1004 1001 1018 0001
1018 1017 1019 1000
1019 1181 1020 0110
1020 1008 1021 1000
1016 1011 1022 1000
921 414 1023 0001
921 418 1024 1000
1024 1023 1025 1000
935 824 1026 1000
935 828 1027 0001
1027 1026 1028 1000
1028 1025 1029 1000
1029 1022 1030 1000
1030 1181 1031 0110
1031 1021 1032 1000
1028 1025 1033 0001
979 974 1034 0001
1034 1033 1035 1000
1035 1181 1036 0110
1036 1032 1037 1000
1037 980 1038 1000
1038 971 1039 1000
970 1181 1040 0110
1040 966 1041 0001
921 387 1042 1000
921 469 1043 0001
1043 1042 1044 1000
935 846 1045 1000
935 850 1046 0001
1046 1045 1047 1000
1047 1181 1048 0110
1048 1044 1049 0001
1049 1041 1050 1000
1050 1181 1051 0110
1051 1039 1052 1000
1044 1181 1053 0110
1047 1053 1054 0001
958 1181 1055 0110
961 1055 1056 0001
1056 1054 1057 1000
1057 1181 1058 0110
1058 1052 1059 1000
1059 963 1060 1000
1060 955 1061 1000
954 1181 1062 0110
1062 950 1063 0001
921 354 1064 1000
921 351 1065 0001
1065 1064 1066 1000
935 868 1067 1000
935 872 1068 0001
1068 1067 1069 1000
1069 1181 1070 0110
1070 1066 1071 0001
1071 1063 1072 1000
1072 1181 1073 0110
1073 1061 1074 1000
1066 1181 1075 0110
1069 1075 1076 0001
942 1181 1077 0110
945 1077 1078 0001
1078 1076 1079 1000
1079 1181 1080 0110
1080 1074 1081 1000
1081 947 1082 1000
1082 939 1083 1000
921 495 1084 1000
921 499 1085 0001
1085 1084 1086 1000
935 890 1087 1000
935 894 1088 0001
1088 1087 1089 1000
1089 1181 1090 0110
1090 1086 1091 0001
938 1181 1092 0110
1092 924 1093 0001
1093 1091 1094 1000
1094 1181 1095 0110
1095 1083 1096 1000
1086 1181 1097 0110
1089 1097 1098 0001
921 508 1099 1000
921 517 1100 0001
1100 1099 1101 1000
1101 1181 1102 0110
935 903 1103 1000
935 910 1104 0001
1104 1103 1105 1000
1105 1102 1106 0001
1106 1098 1107 1000
1107 1181 1108 0110
1108 1096 1109 1000
913 522 1110 0001
1105 1181 1111 0110
1111 1101 1112 0001
1112 1110 1113 1000
1113 1181 1114 0110
1114 1109 1115 1000
1115 914 1116 1000
1116 992 1117 0001
1116 995 1118 1000
1118 1117 1119 1000
1116 986 1120 0001
1116 983 1121 1000
1121 1120 1122 1000
1116 1004 1123 0001
1116 1001 1124 1000
1124 1123 1125 1000
1116 1016 1126 0001
1116 1011 1127 1000
1127 1126 1128 1000
1116 1028 1129 0001
1116 1025 1130 1000
1130 1129 1131 1000
1116 979 1132 0001
1116 974 1133 1000
1133 1132 1134 1000
1116 970 1135 0001
1116 967 1136 1000
1136 1135 1137 1000
1116 1047 1138 0001
1116 1053 1139 1000
1139 1138 1140 1000
1116 961 1141 0001
1116 1055 1142 1000
1142 1141 1143 1000
1116 954 1144 0001
1116 951 1145 1000
1145 1144 1146 1000
1116 1069 1147 0001
1116 1075 1148 1000
1148 1147 1149 1000
1116 945 1150 0001
1116 1077 1151 1000
1151 1150 1152 1000
1116 938 1153 0001
1116 925 1154 1000
1154 1153 1155 1000
1116 1089 1156 0001
1116 1097 1157 1000
1157 1156 1158 1000
1116 1105 1159 0001
1116 1102 1160 1000
1160 1159 1161 1000
912 522 1162 0001
1162 1181 1163 0110
935 1181 1164 0110
1116 1164 1165 0001
1116 921 1166 1000
1166 1165 1167 1000
1167 343 1168 1000
921 1181 1169 0110
1169 233 1170 1000
1170 1116 1171 1000
1171 1181 1172 0110
1172 1168 1173 1000
1167 728 1174 1000
1164 740 1175 1000
1175 1181 1176 0110
1176 1116 1177 0001
1177 1181 1178 0110
1178 1174 1179 1000
1179 1173 1180 1000
