# first row is comment
456 4 520
P0 16
0
1
2
3
4
5
6
7
8
9
10
11
12
13
14
15
P1 16
16
17
18
19
20
21
22
23
24
25
26
27
28
29
30
31
P2 16
32
33
34
35
36
37
38
39
40
41
42
43
44
45
46
47
P3 16
48
49
50
51
52
53
54
55
56
57
58
59
60
61
62
63
Out 18
489
490
495
498
501
504
507
512
515
518
464
467
470
473
476
479
482
485
# list of gates
0 0 519 1001
63 47 64 1000
64 519 65 0110
31 15 66 1000
65 66 67 0001
47 519 68 0110
63 68 69 0001
63 519 70 0110
70 47 71 0001
62 519 72 0110
72 46 73 0001
71 73 74 1000
74 519 75 0110
46 519 76 0110
62 76 77 0001
45 519 78 0110
61 78 79 0001
77 79 80 1000
80 519 81 0110
61 519 82 0110
82 45 83 0001
60 519 84 0110
84 44 85 0001
83 85 86 1000
86 519 87 0110
44 519 88 0110
60 88 89 0001
43 519 90 0110
59 90 91 0001
89 91 92 1000
92 519 93 0110
59 519 94 0110
94 43 95 0001
58 519 96 0110
96 42 97 0001
95 97 98 1000
98 519 99 0110
42 519 100 0110
58 100 101 0001
41 519 102 0110
57 102 103 0001
101 103 104 1000
104 519 105 0110
57 519 106 0110
106 41 107 0001
56 519 108 0110
108 40 109 0001
107 109 110 1000
110 519 111 0110
40 519 112 0110
56 112 113 0001
39 519 114 0110
55 114 115 0001
113 115 116 1000
116 519 117 0110
55 519 118 0110
118 39 119 0001
54 519 120 0110
120 38 121 0001
119 121 122 1000
122 519 123 0110
38 519 124 0110
54 124 125 0001
37 519 126 0110
53 126 127 0001
125 127 128 1000
128 519 129 0110
53 519 130 0110
130 37 131 0001
52 519 132 0110
132 36 133 0001
131 133 134 1000
134 519 135 0110
36 519 136 0110
52 136 137 0001
35 519 138 0110
51 138 139 0001
137 139 140 1000
140 519 141 0110
50 519 142 0110
142 34 143 0001
51 519 144 0110
144 35 145 0001
143 145 146 1000
146 519 147 0110
33 519 148 0110
49 148 149 0001
34 519 150 0110
50 150 151 0001
149 151 152 1000
48 519 153 0110
153 32 154 0001
49 519 155 0110
155 33 156 0001
154 156 157 1000
157 519 158 0110
152 158 159 0001
147 159 160 1000
141 160 161 1000
135 161 162 1000
129 162 163 1000
123 163 164 1000
117 164 165 1000
111 165 166 1000
105 166 167 1000
99 167 168 1000
93 168 169 1000
87 169 170 1000
81 170 171 1000
75 171 172 1000
69 172 173 1000
173 72 174 1000
173 46 175 0001
174 175 176 1000
15 519 177 0110
31 177 178 0001
31 519 179 0110
179 15 180 0001
30 519 181 0110
181 14 182 0001
180 182 183 1000
183 519 184 0110
14 519 185 0110
30 185 186 0001
13 519 187 0110
29 187 188 0001
186 188 189 1000
189 519 190 0110
29 519 191 0110
191 13 192 0001
28 519 193 0110
193 12 194 0001
192 194 195 1000
195 519 196 0110
12 519 197 0110
28 197 198 0001
11 519 199 0110
27 199 200 0001
198 200 201 1000
201 519 202 0110
27 519 203 0110
203 11 204 0001
26 519 205 0110
205 10 206 0001
204 206 207 1000
207 519 208 0110
10 519 209 0110
26 209 210 0001
9 519 211 0110
25 211 212 0001
210 212 213 1000
213 519 214 0110
25 519 215 0110
215 9 216 0001
24 519 217 0110
217 8 218 0001
216 218 219 1000
219 519 220 0110
8 519 221 0110
24 221 222 0001
7 519 223 0110
23 223 224 0001
222 224 225 1000
225 519 226 0110
23 519 227 0110
227 7 228 0001
22 519 229 0110
229 6 230 0001
228 230 231 1000
231 519 232 0110
6 519 233 0110
22 233 234 0001
5 519 235 0110
21 235 236 0001
234 236 237 1000
237 519 238 0110
21 519 239 0110
239 5 240 0001
20 519 241 0110
241 4 242 0001
240 242 243 1000
243 519 244 0110
4 519 245 0110
20 245 246 0001
3 519 247 0110
19 247 248 0001
246 248 249 1000
249 519 250 0110
18 519 251 0110
251 2 252 0001
19 519 253 0110
253 3 254 0001
252 254 255 1000
255 519 256 0110
1 519 257 0110
17 257 258 0001
2 519 259 0110
18 259 260 0001
258 260 261 1000
16 519 262 0110
262 0 263 0001
17 519 264 0110
264 1 265 0001
263 265 266 1000
266 519 267 0110
261 267 268 0001
256 268 269 1000
250 269 270 1000
244 270 271 1000
238 271 272 1000
232 272 273 1000
226 273 274 1000
220 274 275 1000
214 275 276 1000
208 276 277 1000
202 277 278 1000
196 278 279 1000
190 279 280 1000
184 280 281 1000
178 281 282 1000
282 181 283 1000
282 14 284 0001
283 284 285 1000
285 519 286 0110
176 286 287 0001
66 519 288 0110
64 288 289 0001
287 289 290 1000
290 519 291 0110
173 82 292 1000
173 45 293 0001
292 293 294 1000
294 519 295 0110
282 191 296 1000
282 13 297 0001
296 297 298 1000
295 298 299 0001
176 519 300 0110
300 285 301 0001
299 301 302 1000
302 519 303 0110
298 519 304 0110
294 304 305 0001
173 84 306 1000
173 44 307 0001
306 307 308 1000
282 193 309 1000
282 12 310 0001
309 310 311 1000
311 519 312 0110
308 312 313 0001
305 313 314 1000
314 519 315 0110
173 94 316 1000
173 43 317 0001
316 317 318 1000
318 519 319 0110
282 203 320 1000
282 11 321 0001
320 321 322 1000
319 322 323 0001
308 519 324 0110
324 311 325 0001
323 325 326 1000
326 519 327 0110
173 96 328 1000
173 42 329 0001
328 329 330 1000
282 205 331 1000
282 10 332 0001
331 332 333 1000
333 519 334 0110
330 334 335 0001
173 106 336 1000
173 41 337 0001
336 337 338 1000
282 215 339 1000
282 9 340 0001
339 340 341 1000
341 519 342 0110
338 342 343 0001
335 343 344 1000
344 519 345 0110
338 519 346 0110
346 341 347 0001
173 108 348 1000
173 40 349 0001
348 349 350 1000
350 519 351 0110
282 217 352 1000
282 8 353 0001
352 353 354 1000
351 354 355 0001
347 355 356 1000
356 519 357 0110
354 519 358 0110
350 358 359 0001
173 118 360 1000
173 39 361 0001
360 361 362 1000
282 227 363 1000
282 7 364 0001
363 364 365 1000
365 519 366 0110
362 366 367 0001
359 367 368 1000
368 519 369 0110
173 120 370 1000
173 38 371 0001
370 371 372 1000
372 519 373 0110
282 229 374 1000
282 6 375 0001
374 375 376 1000
373 376 377 0001
362 519 378 0110
378 365 379 0001
377 379 380 1000
380 519 381 0110
173 130 382 1000
173 37 383 0001
382 383 384 1000
282 21 385 1000
282 235 386 0001
385 386 387 1000
384 387 388 0001
173 52 389 1000
173 136 390 0001
389 390 391 1000
282 241 392 1000
282 4 393 0001
392 393 394 1000
391 394 395 1000
388 395 396 1000
396 519 397 0110
391 394 398 0001
173 51 399 1000
173 138 400 0001
399 400 401 1000
282 253 402 1000
282 3 403 0001
402 403 404 1000
401 404 405 0001
398 405 406 1000
406 519 407 0110
401 404 408 1000
173 50 409 1000
173 150 410 0001
409 410 411 1000
282 251 412 1000
282 2 413 0001
412 413 414 1000
411 414 415 1000
408 415 416 1000
416 519 417 0110
173 49 418 1000
173 148 419 0001
418 419 420 1000
282 264 421 1000
282 1 422 0001
421 422 423 1000
420 423 424 0001
411 414 425 0001
424 425 426 1000
282 16 427 1000
0 519 428 0110
282 428 429 0001
427 429 430 1000
173 153 431 1000
173 32 432 0001
431 432 433 1000
430 433 434 0001
420 423 435 1000
434 435 436 1000
436 519 437 0110
426 437 438 0001
417 438 439 1000
407 439 440 1000
397 440 441 1000
384 387 442 1000
441 442 443 1000
376 519 444 0110
372 444 445 0001
443 445 446 1000
381 446 447 1000
369 447 448 1000
357 448 449 1000
345 449 450 1000
330 519 451 0110
451 333 452 0001
450 452 453 1000
322 519 454 0110
318 454 455 0001
453 455 456 1000
327 456 457 1000
315 457 458 1000
303 458 459 1000
291 459 460 1000
67 460 461 1000
461 354 462 0001
461 351 463 1000
462 463 464 1000
461 346 465 1000
461 341 466 0001
466 465 467 1000
461 451 468 1000
461 333 469 0001
469 468 470 1000
461 319 471 1000
461 322 472 0001
472 471 473 1000
461 324 474 1000
461 311 475 0001
475 474 476 1000
461 295 477 1000
461 298 478 0001
478 477 479 1000
461 300 480 1000
461 285 481 0001
481 480 482 1000
460 66 483 1000
483 65 484 1000
484 519 485 0110
173 519 486 0110
461 486 487 1000
461 282 488 0001
488 487 489 1000
461 519 490 0110
433 519 491 0110
461 491 492 1000
430 519 493 0110
461 493 494 0001
494 492 495 1000
461 420 496 1000
461 423 497 0001
497 496 498 1000
461 411 499 1000
461 414 500 0001
500 499 501 1000
461 401 502 1000
461 404 503 0001
503 502 504 1000
461 391 505 1000
461 394 506 0001
506 505 507 1000
384 519 508 0110
461 508 509 1000
387 519 510 0110
461 510 511 0001
511 509 512 1000
461 373 513 1000
461 376 514 0001
514 513 515 1000
461 378 516 1000
461 365 517 0001
517 516 518 1000
